phase,oriMaxPrice,productId,discount,itemEvalTotalNum,shopUrl,promotionId,productTitle,productDetailUrl,trace,sellerId,productImage,oriMinPrice,minPrice,startTime,orders,endTime,maxPrice,productPositiveRate,productAverageStar,totalTranpro3
1,US $66.46,4001191612290,49,0,//aliexpress.ru/store/5873633?t_activity=1&t_cache=1&gps-id=5547572&scm=1007.19201.130907.0&scm_id=1007.19201.130907.0&scm-url=1007.19201.130907.0&pvid=3014b6e7-0e91-4759-ba92-f8a7966b1a8b,1910444078,"SEMAXE Luxury Bath Towel Set,2 Large Bath Towels,2 Hand Towels,4 Washcloths. Cotton Highly Absorbent Bathroom Towels (Pack of 8)","//aliexpress.ru/item/4001191612290.html?pdp_ext_f=%7B%22sku_id%22:%2212000020147116400%22,%22ship_from%22:%22RU%22%7D&gps-id=5547572&scm=1007.19201.130907.0&scm_id=1007.19201.130907.0&scm-url=1007.19201.130907.0&pvid=3014b6e7-0e91-4759-ba92-f8a7966b1a8b","{all:{pvid:3014b6e7-0e91-4759-ba92-f8a7966b1a8b,scm-cnt:1007.19201.130907.0,gps-id:5547572},pvid:3014b6e7-0e91-4759-ba92-f8a7966b1a8b,scm-cnt:1007.19201.130907.0,gps-id:5547572}",243516869,//ae01.alicdn.com/kf/Ha65ee474b80843a6a2840e970e5479b8F.jpg_350x350.jpg,US $66.46,US $33.89,1627023600,1022,1627196399,US $66.46,0.0,4.9,1022
1,US $27.96,1005001797492531,57,0,//aliexpress.ru/store/1412045?t_activity=1&t_cache=1&gps-id=5547572&scm=1007.19201.130907.0&scm_id=1007.19201.130907.0&scm-url=1007.19201.130907.0&pvid=3014b6e7-0e91-4759-ba92-f8a7966b1a8b,1910444078,Topfinel Corn Checkered Coral Fleece Blanket Solid Color Portable and Breathable In Summer Flannel Fabric Blanket For Bed Sofa,"//aliexpress.ru/item/1005001797492531.html?pdp_ext_f=%7B%22sku_id%22:%2212000021175397641%22,%22ship_from%22:%22ES%22%7D&gps-id=5547572&scm=1007.19201.130907.0&scm_id=1007.19201.130907.0&scm-url=1007.19201.130907.0&pvid=3014b6e7-0e91-4759-ba92-f8a7966b1a8b","{all:{pvid:3014b6e7-0e91-4759-ba92-f8a7966b1a8b,scm-cnt:1007.19201.130907.0,gps-id:5547572},pvid:3014b6e7-0e91-4759-ba92-f8a7966b1a8b,scm-cnt:1007.19201.130907.0,gps-id:5547572}",221482940,//ae01.alicdn.com/kf/Hd4e991a8008d4318ba89a256b33a8cf2v.jpg_350x350.jpg,US $27.96,US $12.02,1627023600,436,1627196399,US $27.96,0.0,4.8,436
1,US $41.31,1005002661062822,25,0,//aliexpress.ru/store/911067086?t_activity=1&t_cache=1&gps-id=5547572&scm=1007.19201.130907.0&scm_id=1007.19201.130907.0&scm-url=1007.19201.130907.0&pvid=3014b6e7-0e91-4759-ba92-f8a7966b1a8b,1910444078,JOY Summer Cooling Blanket Air Condition Comforter Quilt Lightweight and Breathable Knitting Sofa Bed Blankets 150*200/200*220,"//aliexpress.ru/item/1005002661062822.html?pdp_ext_f=%7B%22sku_id%22:%2212000021600449345%22,%22ship_from%22:%22CN%22%7D&gps-id=5547572&scm=1007.19201.130907.0&scm_id=1007.19201.130907.0&scm-url=1007.19201.130907.0&pvid=3014b6e7-0e91-4759-ba92-f8a7966b1a8b","{all:{pvid:3014b6e7-0e91-4759-ba92-f8a7966b1a8b,scm-cnt:1007.19201.130907.0,gps-id:5547572},pvid:3014b6e7-0e91-4759-ba92-f8a7966b1a8b,scm-cnt:1007.19201.130907.0,gps-id:5547572}",247144903,//ae01.alicdn.com/kf/H644b6b9a948e4a92b2f613dbd77d4b9eh.jpg_350x350.jpg,US $41.31,US $30.98,1627023600,180,1627196399,US $41.31,0.0,4.9,180
1,US $24.12,1005001723025465,74,0,//aliexpress.ru/store/3211040?t_activity=1&t_cache=1&gps-id=5547572&scm=1007.19201.130907.0&scm_id=1007.19201.130907.0&scm-url=1007.19201.130907.0&pvid=3014b6e7-0e91-4759-ba92-f8a7966b1a8b,1910088640,TWS Bluetooth 5.0 Earphones 3500mAh Charging Box Wireless Headphone 9D Stereo Sports Waterproof Earbuds Headsets With Microphone,"//aliexpress.ru/item/1005001723025465.html?pdp_ext_f=%7B%22sku_id%22:%2212000018639214201%22,%22ship_from%22:%22%22%7D&gps-id=5547572&scm=1007.19201.130907.0&scm_id=1007.19201.130907.0&scm-url=1007.19201.130907.0&pvid=3014b6e7-0e91-4759-ba92-f8a7966b1a8b","{all:{pvid:3014b6e7-0e91-4759-ba92-f8a7966b1a8b,scm-cnt:1007.19201.130907.0,gps-id:5547572},pvid:3014b6e7-0e91-4759-ba92-f8a7966b1a8b,scm-cnt:1007.19201.130907.0,gps-id:5547572}",231002238,//ae01.alicdn.com/kf/H340b9f25ca8a4cbd83917726c5b7dc71j.jpg_350x350.jpg,US $24.12,US $6.27,1627023600,52768,1627196399,US $24.12,0.0,4.8,52768
1,US $1.83,1005001661155301,99,0,//aliexpress.ru/store/910565069?t_activity=1&t_cache=1&gps-id=5547572&scm=1007.19201.130907.0&scm_id=1007.19201.130907.0&scm-url=1007.19201.130907.0&pvid=3014b6e7-0e91-4759-ba92-f8a7966b1a8b,1910123654,GROINNEYA Eyelashes 5/8/10/20 pairs 3D Faux Mink Lashes Natural False Eyelashes Dramatic Volume Lashes Makeup Eyelash Extension,"//aliexpress.ru/item/1005001661155301.html?pdp_ext_f=%7B%22sku_id%22:%2212000017032039697%22,%22ship_from%22:%22CN%22%7D&gps-id=5547572&scm=1007.19201.130907.0&scm_id=1007.19201.130907.0&scm-url=1007.19201.130907.0&pvid=3014b6e7-0e91-4759-ba92-f8a7966b1a8b","{all:{pvid:3014b6e7-0e91-4759-ba92-f8a7966b1a8b,scm-cnt:1007.19201.130907.0,gps-id:5547572},pvid:3014b6e7-0e91-4759-ba92-f8a7966b1a8b,scm-cnt:1007.19201.130907.0,gps-id:5547572}",244132036,//ae01.alicdn.com/kf/Hf899ed4357fe47cc8318056d37dbc7db8.jpg_350x350.jpg,US $1.83,US $0.01,1626678000,2312,1627282799,US $1.83,0.0,4.9,2312
1,US $193.76,1005002466096506,50,0,//aliexpress.ru/store/1627673?t_activity=1&t_cache=1&gps-id=5547572&scm=1007.19201.130907.0&scm_id=1007.19201.130907.0&scm-url=1007.19201.130907.0&pvid=3014b6e7-0e91-4759-ba92-f8a7966b1a8b,1910095614,Straight Lace Front Human Hair Wigs for Women 30 40 Inch Brazilian Natural Hd Glueless Full Transparent 13x4 Lace Frontal Wig,"//aliexpress.ru/item/1005002466096506.html?pdp_ext_f=%7B%22sku_id%22:%2212000021441369547%22,%22ship_from%22:%22US%22%7D&gps-id=5547572&scm=1007.19201.130907.0&scm_id=1007.19201.130907.0&scm-url=1007.19201.130907.0&pvid=3014b6e7-0e91-4759-ba92-f8a7966b1a8b","{all:{pvid:3014b6e7-0e91-4759-ba92-f8a7966b1a8b,scm-cnt:1007.19201.130907.0,gps-id:5547572},pvid:3014b6e7-0e91-4759-ba92-f8a7966b1a8b,scm-cnt:1007.19201.130907.0,gps-id:5547572}",222011717,//ae01.alicdn.com/kf/Hd8120477fe9b4fa1ba640c030aa5fca6a.jpg_350x350.jpg,US $193.76,US $96.88,1627110000,860,1627282799,US $193.76,0.0,5.0,860
1,US $116.00,1005002034148124,51,0,//aliexpress.ru/store/406926?t_activity=1&t_cache=1&gps-id=5547572&scm=1007.19201.130907.0&scm_id=1007.19201.130907.0&scm-url=1007.19201.130907.0&pvid=3014b6e7-0e91-4759-ba92-f8a7966b1a8b,1910088640,Bob Wig Short Brazilian Bone Straight Cheap Human Hair Wigs For Black Women Black Wig T Part Lace Bob Human Hair Wig Pre Plucked,"//aliexpress.ru/item/1005002034148124.html?pdp_ext_f=%7B%22sku_id%22:%2212000018486794744%22,%22ship_from%22:%22US%22%7D&gps-id=5547572&scm=1007.19201.130907.0&scm_id=1007.19201.130907.0&scm-url=1007.19201.130907.0&pvid=3014b6e7-0e91-4759-ba92-f8a7966b1a8b","{all:{pvid:3014b6e7-0e91-4759-ba92-f8a7966b1a8b,scm-cnt:1007.19201.130907.0,gps-id:5547572},pvid:3014b6e7-0e91-4759-ba92-f8a7966b1a8b,scm-cnt:1007.19201.130907.0,gps-id:5547572}",120456550,//ae01.alicdn.com/kf/H8c55b5afedd14d48b65beb974505d13bL.jpg_350x350.jpg,US $116.00,US $56.84,1627023600,1454,1627196399,US $116.00,0.0,4.8,1454
1,US $99.98,1005002821799036,50,0,//aliexpress.ru/store/5892447?t_activity=1&t_cache=1&gps-id=5547572&scm=1007.19201.130907.0&scm_id=1007.19201.130907.0&scm-url=1007.19201.130907.0&pvid=3014b6e7-0e91-4759-ba92-f8a7966b1a8b,1910083988,World Premiere Xiaomi Redmi Buds 3 Pro TWS Bluetooth Earphones Wireless headphones 35dB ANC Dual-device  Redmi Airdots 3 Pro,"//aliexpress.ru/item/1005002821799036.html?pdp_ext_f=%7B%22sku_id%22:%2212000022344467449%22,%22ship_from%22:%22CN%22%7D&gps-id=5547572&scm=1007.19201.130907.0&scm_id=1007.19201.130907.0&scm-url=1007.19201.130907.0&pvid=3014b6e7-0e91-4759-ba92-f8a7966b1a8b","{all:{pvid:3014b6e7-0e91-4759-ba92-f8a7966b1a8b,scm-cnt:1007.19201.130907.0,gps-id:5547572},pvid:3014b6e7-0e91-4759-ba92-f8a7966b1a8b,scm-cnt:1007.19201.130907.0,gps-id:5547572}",243490362,//ae01.alicdn.com/kf/He7e58a948a4d46a88f9510a7524160fbZ.jpg_350x350.jpg,US $99.98,US $49.99,1626850800,7849,1627282799,US $99.98,0.0,0.0,7849
1,US $6.76,1005002613570665,85,0,//aliexpress.ru/store/911900043?t_activity=1&t_cache=1&gps-id=5547572&scm=1007.19201.130907.0&scm_id=1007.19201.130907.0&scm-url=1007.19201.130907.0&pvid=3014b6e7-0e91-4759-ba92-f8a7966b1a8b,1910230461,30Pcs/Set 3D Colorful Butterfly Nail Foil Stickers Flower Brand Designs Self Adhesive Decals Manicure Nail Art Decorations,"//aliexpress.ru/item/1005002613570665.html?pdp_ext_f=%7B%22sku_id%22:%2212000021398470716%22,%22ship_from%22:%22CN%22%7D&gps-id=5547572&scm=1007.19201.130907.0&scm_id=1007.19201.130907.0&scm-url=1007.19201.130907.0&pvid=3014b6e7-0e91-4759-ba92-f8a7966b1a8b","{all:{pvid:3014b6e7-0e91-4759-ba92-f8a7966b1a8b,scm-cnt:1007.19201.130907.0,gps-id:5547572},pvid:3014b6e7-0e91-4759-ba92-f8a7966b1a8b,scm-cnt:1007.19201.130907.0,gps-id:5547572}",251648108,//ae01.alicdn.com/kf/H96aac8f7e6fe4f4a9b48f10c43619002J.jpg_350x350.jpg,US $6.76,US $0.99,1626678000,2798,1627282799,US $6.76,0.0,4.8,2798
1,US $102.72,4000517004580,60,0,//aliexpress.ru/store/2349025?t_activity=1&t_cache=1&gps-id=5547572&scm=1007.19201.130907.0&scm_id=1007.19201.130907.0&scm-url=1007.19201.130907.0&pvid=3014b6e7-0e91-4759-ba92-f8a7966b1a8b,1910095614,Deep Tissue Muscle Massage Gun Body Shoulder Back Neck Massager Exercising Athletes Relaxation Slimming Shaping Pain Relief,"//aliexpress.ru/item/4000517004580.html?pdp_ext_f=%7B%22sku_id%22:%2212000016191808432%22,%22ship_from%22:%22ES%22%7D&gps-id=5547572&scm=1007.19201.130907.0&scm_id=1007.19201.130907.0&scm-url=1007.19201.130907.0&pvid=3014b6e7-0e91-4759-ba92-f8a7966b1a8b","{all:{pvid:3014b6e7-0e91-4759-ba92-f8a7966b1a8b,scm-cnt:1007.19201.130907.0,gps-id:5547572},pvid:3014b6e7-0e91-4759-ba92-f8a7966b1a8b,scm-cnt:1007.19201.130907.0,gps-id:5547572}",228754193,//ae01.alicdn.com/kf/H52b540a8f64144fc9842032a1439ea041.jpg_350x350.jpg,US $102.72,US $41.09,1627110000,32425,1627282799,US $102.72,0.0,4.9,32425
1,US $239.90,32982338666,92,0,//aliexpress.ru/store/3598014?t_activity=1&t_cache=1&gps-id=5547572&scm=1007.19201.130907.0&scm_id=1007.19201.130907.0&scm-url=1007.19201.130907.0&pvid=8a424fe1-ae82-4d5c-9c6d-0e2aaf15771d,1910088640,CURREN Casual Sport Watches for Men Blue Top Brand Luxury Military Leather Wrist Watch Man Clock Fashion Chronograph Wristwatch,"//aliexpress.ru/item/32982338666.html?pdp_ext_f=%7B%22sku_id%22:%2212000020564056666%22,%22ship_from%22:%22CN%22%7D&gps-id=5547572&scm=1007.19201.130907.0&scm_id=1007.19201.130907.0&scm-url=1007.19201.130907.0&pvid=8a424fe1-ae82-4d5c-9c6d-0e2aaf15771d","{all:{pvid:8a424fe1-ae82-4d5c-9c6d-0e2aaf15771d,scm-cnt:1007.19201.130907.0,gps-id:5547572},pvid:8a424fe1-ae82-4d5c-9c6d-0e2aaf15771d,scm-cnt:1007.19201.130907.0,gps-id:5547572}",232071719,//ae01.alicdn.com/kf/H391b315a25064cfcbe5a2341dd12f8d51.jpg_350x350.jpg,US $239.90,US $19.19,1627023600,11708,1627196399,US $239.90,0.0,4.8,11708
1,US $22.32,4000539506338,67,0,//aliexpress.ru/store/3891048?t_activity=1&t_cache=1&gps-id=5547572&scm=1007.19201.130907.0&scm_id=1007.19201.130907.0&scm-url=1007.19201.130907.0&pvid=8a424fe1-ae82-4d5c-9c6d-0e2aaf15771d,1910095614,TWS Bluetooth 5.0 Earphones 2200mAh Charging Box Wireless Headphone 9D Stereo Sports Waterproof Earbuds Headsets With Microphone,"//aliexpress.ru/item/4000539506338.html?pdp_ext_f=%7B%22sku_id%22:%2212000016406259996%22,%22ship_from%22:%22CN%22%7D&gps-id=5547572&scm=1007.19201.130907.0&scm_id=1007.19201.130907.0&scm-url=1007.19201.130907.0&pvid=8a424fe1-ae82-4d5c-9c6d-0e2aaf15771d","{all:{pvid:8a424fe1-ae82-4d5c-9c6d-0e2aaf15771d,scm-cnt:1007.19201.130907.0,gps-id:5547572},pvid:8a424fe1-ae82-4d5c-9c6d-0e2aaf15771d,scm-cnt:1007.19201.130907.0,gps-id:5547572}",232956230,//ae01.alicdn.com/kf/Ha9aac78e8d0549bb9c4d4fb805ba7ec49.jpg_350x350.jpg,US $22.32,US $7.37,1627110000,122835,1627282799,US $22.32,0.0,4.7,122835
1,US $138.83,1005002278750230,84,0,//aliexpress.ru/store/911599296?t_activity=1&t_cache=1&gps-id=5547572&scm=1007.19201.130907.0&scm_id=1007.19201.130907.0&scm-url=1007.19201.130907.0&pvid=8a424fe1-ae82-4d5c-9c6d-0e2aaf15771d,1910088640,LIGE 2021 New Smart Watch Men Full Touch Screen Sport Fitness Watch IP67 Waterproof Bluetooth For Android ios smartwatch Men+box,"//aliexpress.ru/item/1005002278750230.html?pdp_ext_f=%7B%22sku_id%22:%2212000019885913794%22,%22ship_from%22:%22ES%22%7D&gps-id=5547572&scm=1007.19201.130907.0&scm_id=1007.19201.130907.0&scm-url=1007.19201.130907.0&pvid=8a424fe1-ae82-4d5c-9c6d-0e2aaf15771d","{all:{pvid:8a424fe1-ae82-4d5c-9c6d-0e2aaf15771d,scm-cnt:1007.19201.130907.0,gps-id:5547572},pvid:8a424fe1-ae82-4d5c-9c6d-0e2aaf15771d,scm-cnt:1007.19201.130907.0,gps-id:5547572}",248285832,//ae01.alicdn.com/kf/H3194642cf29641eab1becd4353c1841dk.jpg_350x350.jpg,US $138.83,US $22.21,1627023600,24326,1627196399,US $138.83,0.0,4.7,24326
1,US $3.19,1005001882938728,44,0,//aliexpress.ru/store/3214118?t_activity=1&t_cache=1&gps-id=5547572&scm=1007.19201.130907.0&scm_id=1007.19201.130907.0&scm-url=1007.19201.130907.0&pvid=8a424fe1-ae82-4d5c-9c6d-0e2aaf15771d,1910123654,5/10 Pair 3D Mink Eyelashes Fluffy Dramatic Eyelashes Makeup Wispy Mink Lashes Natural Long False Eyelashes Thick Fake Lashes,"//aliexpress.ru/item/1005001882938728.html?pdp_ext_f=%7B%22sku_id%22:%2212000018006255478%22,%22ship_from%22:%22%22%7D&gps-id=5547572&scm=1007.19201.130907.0&scm_id=1007.19201.130907.0&scm-url=1007.19201.130907.0&pvid=8a424fe1-ae82-4d5c-9c6d-0e2aaf15771d","{all:{pvid:8a424fe1-ae82-4d5c-9c6d-0e2aaf15771d,scm-cnt:1007.19201.130907.0,gps-id:5547572},pvid:8a424fe1-ae82-4d5c-9c6d-0e2aaf15771d,scm-cnt:1007.19201.130907.0,gps-id:5547572}",231289141,//ae01.alicdn.com/kf/Hacf7682e968d48ccad31659553836de2N.jpg_350x350.jpg,US $3.19,US $1.79,1626678000,3553,1627282799,US $3.19,0.0,4.8,3553
1,US $137.25,1005002746915451,50,0,//aliexpress.ru/store/912017492?t_activity=1&t_cache=1&gps-id=5547572&scm=1007.19201.130907.0&scm_id=1007.19201.130907.0&scm-url=1007.19201.130907.0&pvid=8a424fe1-ae82-4d5c-9c6d-0e2aaf15771d,1910230461,30 Inch Body Wave Lace Front Wigs For Black Women Human Hair Brazilian Remy With Baby Hair 13x4 Hd Transparent Lace Frontal Wig,"//aliexpress.ru/item/1005002746915451.html?pdp_ext_f=%7B%22sku_id%22:%2212000021948565541%22,%22ship_from%22:%22CN%22%7D&gps-id=5547572&scm=1007.19201.130907.0&scm_id=1007.19201.130907.0&scm-url=1007.19201.130907.0&pvid=8a424fe1-ae82-4d5c-9c6d-0e2aaf15771d","{all:{pvid:8a424fe1-ae82-4d5c-9c6d-0e2aaf15771d,scm-cnt:1007.19201.130907.0,gps-id:5547572},pvid:8a424fe1-ae82-4d5c-9c6d-0e2aaf15771d,scm-cnt:1007.19201.130907.0,gps-id:5547572}",251563946,//ae01.alicdn.com/kf/H89629e61f052446ab334c8edb6bdcdb4U.jpg_350x350.jpg,US $137.25,US $68.62,1626678000,223,1627282799,US $137.25,0.0,5.0,223
1,US $47.98,1005002353171119,61,0,//aliexpress.ru/store/2795078?t_activity=1&t_cache=1&gps-id=5547572&scm=1007.19201.130907.0&scm_id=1007.19201.130907.0&scm-url=1007.19201.130907.0&pvid=8a424fe1-ae82-4d5c-9c6d-0e2aaf15771d,1910088640,NAVIFORCE Sport Watches for Men Luxury Brand Blue Military Genuine Leather Wrist Watch Man Clock Fashion Chronograph Wristwatch,"//aliexpress.ru/item/1005002353171119.html?pdp_ext_f=%7B%22sku_id%22:%2212000020279771791%22,%22ship_from%22:%22%22%7D&gps-id=5547572&scm=1007.19201.130907.0&scm_id=1007.19201.130907.0&scm-url=1007.19201.130907.0&pvid=8a424fe1-ae82-4d5c-9c6d-0e2aaf15771d","{all:{pvid:8a424fe1-ae82-4d5c-9c6d-0e2aaf15771d,scm-cnt:1007.19201.130907.0,gps-id:5547572},pvid:8a424fe1-ae82-4d5c-9c6d-0e2aaf15771d,scm-cnt:1007.19201.130907.0,gps-id:5547572}",229806002,//ae01.alicdn.com/kf/H60e8ec942c3c4e93a43dc67a3f64c33cT.jpg_350x350.jpg,US $47.98,US $18.71,1627023600,841,1627196399,US $47.98,0.0,5.0,841
1,US $21.92,4000800707058,59,0,//aliexpress.ru/store/1393703?t_activity=1&t_cache=1&gps-id=5547572&scm=1007.19201.130907.0&scm_id=1007.19201.130907.0&scm-url=1007.19201.130907.0&pvid=8a424fe1-ae82-4d5c-9c6d-0e2aaf15771d,1910095614,Sexy Women Leggings Bubble Butt Push Up Fitness Legging Slim High Waist Leggins Mujer Seamless Fitness Legging,"//aliexpress.ru/item/4000800707058.html?pdp_ext_f=%7B%22sku_id%22:%2212000022969947424%22,%22ship_from%22:%22CN%22%7D&gps-id=5547572&scm=1007.19201.130907.0&scm_id=1007.19201.130907.0&scm-url=1007.19201.130907.0&pvid=8a424fe1-ae82-4d5c-9c6d-0e2aaf15771d","{all:{pvid:8a424fe1-ae82-4d5c-9c6d-0e2aaf15771d,scm-cnt:1007.19201.130907.0,gps-id:5547572},pvid:8a424fe1-ae82-4d5c-9c6d-0e2aaf15771d,scm-cnt:1007.19201.130907.0,gps-id:5547572}",220709408,//ae01.alicdn.com/kf/H8967bc4b018d43338c910f99a2b195b1Q.jpg_350x350.jpg,US $21.92,US $8.99,1627110000,28387,1627282799,US $21.92,0.0,4.8,28387
1,US $233.87,33054064732,93,0,//aliexpress.ru/store/4881029?t_activity=1&t_cache=1&gps-id=5547572&scm=1007.19201.130907.0&scm_id=1007.19201.130907.0&scm-url=1007.19201.130907.0&pvid=8a424fe1-ae82-4d5c-9c6d-0e2aaf15771d,1910085648,Portable Bluetooth Speaker Wireless Bass Subwoofer Waterproof Outdoor Speakers Boombox AUX TF USB  Stereo Loudspeaker Music Box,"//aliexpress.ru/item/33054064732.html?pdp_ext_f=%7B%22sku_id%22:%2210000011275028978%22,%22ship_from%22:%22CN%22%7D&gps-id=5547572&scm=1007.19201.130907.0&scm_id=1007.19201.130907.0&scm-url=1007.19201.130907.0&pvid=8a424fe1-ae82-4d5c-9c6d-0e2aaf15771d","{all:{pvid:8a424fe1-ae82-4d5c-9c6d-0e2aaf15771d,scm-cnt:1007.19201.130907.0,gps-id:5547572},pvid:8a424fe1-ae82-4d5c-9c6d-0e2aaf15771d,scm-cnt:1007.19201.130907.0,gps-id:5547572}",230099369,//ae01.alicdn.com/kf/Hc146f8e757904961b12a75c06de94efaq.jpg_350x350.jpg,US $233.87,US $16.37,1627110000,5302,1627282799,US $233.87,0.0,4.7,5302
1,US $14.96,4001292343477,80,0,//aliexpress.ru/store/5884458?t_activity=1&t_cache=1&gps-id=5547572&scm=1007.19201.130907.0&scm_id=1007.19201.130907.0&scm-url=1007.19201.130907.0&pvid=8a424fe1-ae82-4d5c-9c6d-0e2aaf15771d,1910098604,Genuine Leather For Men's High Quality Buckle Jeans Cowskin Casual Belts Business Cowboy Waistband Male Fashion Designer 2021New,"//aliexpress.ru/item/4001292343477.html?pdp_ext_f=%7B%22sku_id%22:%2210000015678928320%22,%22ship_from%22:%22CN%22%7D&gps-id=5547572&scm=1007.19201.130907.0&scm_id=1007.19201.130907.0&scm-url=1007.19201.130907.0&pvid=8a424fe1-ae82-4d5c-9c6d-0e2aaf15771d","{all:{pvid:8a424fe1-ae82-4d5c-9c6d-0e2aaf15771d,scm-cnt:1007.19201.130907.0,gps-id:5547572},pvid:8a424fe1-ae82-4d5c-9c6d-0e2aaf15771d,scm-cnt:1007.19201.130907.0,gps-id:5547572}",238075576,//ae01.alicdn.com/kf/Hc992450e5b8942a29cc0bf7e16a41d3eh.jpg_350x350.jpg,US $14.96,US $2.99,1627110000,13685,1627282799,US $14.96,0.0,4.7,13685
1,US $165.00,1005001929521247,53,0,//aliexpress.ru/store/5369023?t_activity=1&t_cache=1&gps-id=5547572&scm=1007.19201.130907.0&scm_id=1007.19201.130907.0&scm-url=1007.19201.130907.0&pvid=8a424fe1-ae82-4d5c-9c6d-0e2aaf15771d,1910084697,Curly Human Hair Wig Lace Front Human Hair Wigs Brazilian Deep Wave Wig Transparent Lace Wig Pre Plucked Wig With Baby Hair,"//aliexpress.ru/item/1005001929521247.html?pdp_ext_f=%7B%22sku_id%22:%2212000021204198336%22,%22ship_from%22:%22US%22%7D&gps-id=5547572&scm=1007.19201.130907.0&scm_id=1007.19201.130907.0&scm-url=1007.19201.130907.0&pvid=8a424fe1-ae82-4d5c-9c6d-0e2aaf15771d","{all:{pvid:8a424fe1-ae82-4d5c-9c6d-0e2aaf15771d,scm-cnt:1007.19201.130907.0,gps-id:5547572},pvid:8a424fe1-ae82-4d5c-9c6d-0e2aaf15771d,scm-cnt:1007.19201.130907.0,gps-id:5547572}",239228232,//ae01.alicdn.com/kf/H14e35ac149574959b0a71b553be5ac5e8.jpg_350x350.jpg,US $165.00,US $77.55,1627023600,1665,1627196399,US $165.00,0.0,4.8,1665
1,US $209.90,4000109612070,92,0,//aliexpress.ru/store/324105?t_activity=1&t_cache=1&gps-id=5547572&scm=1007.19201.130907.0&scm_id=1007.19201.130907.0&scm-url=1007.19201.130907.0&pvid=8a568fed-4bad-4786-8c5e-64182f36a18e,1910095614,CURREN Men Watch Top Brand Luxury Sports Quartz Mens Watches Full Steel Waterproof Chronograph Wristwatch Men Relogio Masculino,"//aliexpress.ru/item/4000109612070.html?pdp_ext_f=%7B%22sku_id%22:%2210000009746426320%22,%22ship_from%22:%22CN%22%7D&gps-id=5547572&scm=1007.19201.130907.0&scm_id=1007.19201.130907.0&scm-url=1007.19201.130907.0&pvid=8a568fed-4bad-4786-8c5e-64182f36a18e","{all:{pvid:8a568fed-4bad-4786-8c5e-64182f36a18e,scm-cnt:1007.19201.130907.0,gps-id:5547572},pvid:8a568fed-4bad-4786-8c5e-64182f36a18e,scm-cnt:1007.19201.130907.0,gps-id:5547572}",201652940,//ae01.alicdn.com/kf/H7e19bf5baa284ef0898dd99f990f6716L.jpg_350x350.jpg,US $209.90,US $16.79,1627110000,2798,1627282799,US $209.90,0.0,4.8,2798
1,US $209.90,4000152895166,92,0,//aliexpress.ru/store/3192086?t_activity=1&t_cache=1&gps-id=5547572&scm=1007.19201.130907.0&scm_id=1007.19201.130907.0&scm-url=1007.19201.130907.0&pvid=8a568fed-4bad-4786-8c5e-64182f36a18e,1910095614,LIGE 2021 New Fashion Mens Watches with Stainless Steel Top Brand Luxury Sports Chronograph Quartz Watch Men Relogio Masculino,"//aliexpress.ru/item/4000152895166.html?pdp_ext_f=%7B%22sku_id%22:%2212000020566913956%22,%22ship_from%22:%22RU%22%7D&gps-id=5547572&scm=1007.19201.130907.0&scm_id=1007.19201.130907.0&scm-url=1007.19201.130907.0&pvid=8a568fed-4bad-4786-8c5e-64182f36a18e","{all:{pvid:8a568fed-4bad-4786-8c5e-64182f36a18e,scm-cnt:1007.19201.130907.0,gps-id:5547572},pvid:8a568fed-4bad-4786-8c5e-64182f36a18e,scm-cnt:1007.19201.130907.0,gps-id:5547572}",231389210,//ae01.alicdn.com/kf/H92b6f2e19d704cc48bc0d599d15a1462v.jpg_350x350.jpg,US $209.90,US $16.79,1627110000,8118,1627282799,US $209.90,0.0,4.7,8118
1,US $165.90,4001251691710,91,0,//aliexpress.ru/store/3496013?t_activity=1&t_cache=1&gps-id=5547572&scm=1007.19201.130907.0&scm_id=1007.19201.130907.0&scm-url=1007.19201.130907.0&pvid=8a568fed-4bad-4786-8c5e-64182f36a18e,1910095614,2021 NEW Drone 4k profession HD Wide Angle Camera 1080P WiFi Fpv Drone Dual Camera  Height Keep Drones Camera Helicopter Toys,"//aliexpress.ru/item/4001251691710.html?pdp_ext_f=%7B%22sku_id%22:%2210000015690647968%22,%22ship_from%22:%22CN%22%7D&gps-id=5547572&scm=1007.19201.130907.0&scm_id=1007.19201.130907.0&scm-url=1007.19201.130907.0&pvid=8a568fed-4bad-4786-8c5e-64182f36a18e","{all:{pvid:8a568fed-4bad-4786-8c5e-64182f36a18e,scm-cnt:1007.19201.130907.0,gps-id:5547572},pvid:8a568fed-4bad-4786-8c5e-64182f36a18e,scm-cnt:1007.19201.130907.0,gps-id:5547572}",231678247,//ae01.alicdn.com/kf/H6d15e046a133491a922f12bb7f75a80fy.jpg_350x350.jpg,US $165.90,US $14.93,1627110000,8140,1627282799,US $165.90,0.0,4.5,8140
1,US $2.57,32632635156,99,0,//aliexpress.ru/store/627935?t_activity=1&t_cache=1&gps-id=5547572&scm=1007.19201.130907.0&scm_id=1007.19201.130907.0&scm-url=1007.19201.130907.0&pvid=8a568fed-4bad-4786-8c5e-64182f36a18e,1910088640,PZOZ Usb Cable For iphone cable 11 12 pro max Xs Xr X SE 8 7 6 plus 6s 5s ipad air mini 4 fast charging cable For iphone charger,"//aliexpress.ru/item/32632635156.html?pdp_ext_f=%7B%22sku_id%22:%2212000021947515048%22,%22ship_from%22:%22CN%22%7D&gps-id=5547572&scm=1007.19201.130907.0&scm_id=1007.19201.130907.0&scm-url=1007.19201.130907.0&pvid=8a568fed-4bad-4786-8c5e-64182f36a18e","{all:{pvid:8a568fed-4bad-4786-8c5e-64182f36a18e,scm-cnt:1007.19201.130907.0,gps-id:5547572},pvid:8a568fed-4bad-4786-8c5e-64182f36a18e,scm-cnt:1007.19201.130907.0,gps-id:5547572}",204956874,//ae01.alicdn.com/kf/H7c0428fccf32435b94f2cd3c73140064y.jpg_350x350.jpg,US $2.57,US $0.01,1627023600,82295,1627196399,US $2.57,0.0,4.8,82295
1,US $239.90,1005001808363550,91,0,//aliexpress.ru/store/2216005?t_activity=1&t_cache=1&gps-id=5547572&scm=1007.19201.130907.0&scm_id=1007.19201.130907.0&scm-url=1007.19201.130907.0&pvid=8a568fed-4bad-4786-8c5e-64182f36a18e,1910084697,10000mAh Bike Light USB Rechargeable 5000 Lumens Bike Headlight 6T6 LED Super Bright Flashlight Front Lights and Back Rear light,"//aliexpress.ru/item/1005001808363550.html?pdp_ext_f=%7B%22sku_id%22:%2212000023008956797%22,%22ship_from%22:%22PL%22%7D&gps-id=5547572&scm=1007.19201.130907.0&scm_id=1007.19201.130907.0&scm-url=1007.19201.130907.0&pvid=8a568fed-4bad-4786-8c5e-64182f36a18e","{all:{pvid:8a568fed-4bad-4786-8c5e-64182f36a18e,scm-cnt:1007.19201.130907.0,gps-id:5547572},pvid:8a568fed-4bad-4786-8c5e-64182f36a18e,scm-cnt:1007.19201.130907.0,gps-id:5547572}",228289701,//ae01.alicdn.com/kf/H2e7ee9dda23842dfbb859b34a8355a525.jpg_350x350.jpg,US $239.90,US $21.59,1627023600,6832,1627196399,US $239.90,0.0,4.7,6832
1,US $24.90,4000522705981,92,0,//aliexpress.ru/store/3582009?t_activity=1&t_cache=1&gps-id=5547572&scm=1007.19201.130907.0&scm_id=1007.19201.130907.0&scm-url=1007.19201.130907.0&pvid=8a568fed-4bad-4786-8c5e-64182f36a18e,1910123654,DMRFP002 Pearl Ring 925 sterling silver 3-4mm Natural Freshwater Pearl Rings for Women,"//aliexpress.ru/item/4000522705981.html?pdp_ext_f=%7B%22sku_id%22:%2210000002666840717%22,%22ship_from%22:%22CN%22%7D&gps-id=5547572&scm=1007.19201.130907.0&scm_id=1007.19201.130907.0&scm-url=1007.19201.130907.0&pvid=8a568fed-4bad-4786-8c5e-64182f36a18e","{all:{pvid:8a568fed-4bad-4786-8c5e-64182f36a18e,scm-cnt:1007.19201.130907.0,gps-id:5547572},pvid:8a568fed-4bad-4786-8c5e-64182f36a18e,scm-cnt:1007.19201.130907.0,gps-id:5547572}",232168175,//ae01.alicdn.com/kf/H44f5922634e04ca5ada6ed337610dac1O.jpg_350x350.jpg,US $24.90,US $1.99,1626678000,122,1627282799,US $24.90,0.0,4.8,122
1,US $99.90,4000282175351,91,0,//aliexpress.ru/store/3582009?t_activity=1&t_cache=1&gps-id=5547572&scm=1007.19201.130907.0&scm_id=1007.19201.130907.0&scm-url=1007.19201.130907.0&pvid=8a568fed-4bad-4786-8c5e-64182f36a18e,1910123654,DMSFP100 Baroque Pearl Jewelry Sets Silver 925 Jewelry Pearl Sets Necklace/Bracelet/Earrings For Women,"//aliexpress.ru/item/4000282175351.html?pdp_ext_f=%7B%22sku_id%22:%2210000001160620859%22,%22ship_from%22:%22%22%7D&gps-id=5547572&scm=1007.19201.130907.0&scm_id=1007.19201.130907.0&scm-url=1007.19201.130907.0&pvid=8a568fed-4bad-4786-8c5e-64182f36a18e","{all:{pvid:8a568fed-4bad-4786-8c5e-64182f36a18e,scm-cnt:1007.19201.130907.0,gps-id:5547572},pvid:8a568fed-4bad-4786-8c5e-64182f36a18e,scm-cnt:1007.19201.130907.0,gps-id:5547572}",232168175,//ae01.alicdn.com/kf/H6b9221e75b3941adbbda37993f04c021k.jpg_350x350.jpg,US $99.90,US $8.99,1626678000,647,1627282799,US $99.90,0.0,4.8,647
1,US $155.85,32953292868,91,0,//aliexpress.ru/store/2780176?t_activity=1&t_cache=1&gps-id=5547572&scm=1007.19201.130907.0&scm_id=1007.19201.130907.0&scm-url=1007.19201.130907.0&pvid=8a568fed-4bad-4786-8c5e-64182f36a18e,1910088640,Women Watches Women Fashion Watch 2020 Geneva Designer Ladies Watch Luxury Brand Diamond Quartz Gold Wrist Watch Gifts For Women,"//aliexpress.ru/item/32953292868.html?pdp_ext_f=%7B%22sku_id%22:%2210000001066679589%22,%22ship_from%22:%22CN%22%7D&gps-id=5547572&scm=1007.19201.130907.0&scm_id=1007.19201.130907.0&scm-url=1007.19201.130907.0&pvid=8a568fed-4bad-4786-8c5e-64182f36a18e","{all:{pvid:8a568fed-4bad-4786-8c5e-64182f36a18e,scm-cnt:1007.19201.130907.0,gps-id:5547572},pvid:8a568fed-4bad-4786-8c5e-64182f36a18e,scm-cnt:1007.19201.130907.0,gps-id:5547572}",229890389,//ae01.alicdn.com/kf/H94901cf6410b405993107f5315470c10o.jpg_350x350.jpg,US $155.85,US $14.03,1627023600,1334,1627196399,US $155.85,0.0,4.8,1334
1,US $379.90,1005001692538644,91,0,//aliexpress.ru/store/910940037?t_activity=1&t_cache=1&gps-id=5547572&scm=1007.19201.130907.0&scm_id=1007.19201.130907.0&scm-url=1007.19201.130907.0&pvid=8a568fed-4bad-4786-8c5e-64182f36a18e,1910088640,LIGE 2020 New Smart Watch Women Physiological Heart Rate Blood Pressure Monitoring For Android IOS Waterproof Ladies Smartwatch,"//aliexpress.ru/item/1005001692538644.html?pdp_ext_f=%7B%22sku_id%22:%2212000017165888009%22,%22ship_from%22:%22ES%22%7D&gps-id=5547572&scm=1007.19201.130907.0&scm_id=1007.19201.130907.0&scm-url=1007.19201.130907.0&pvid=8a568fed-4bad-4786-8c5e-64182f36a18e","{all:{pvid:8a568fed-4bad-4786-8c5e-64182f36a18e,scm-cnt:1007.19201.130907.0,gps-id:5547572},pvid:8a568fed-4bad-4786-8c5e-64182f36a18e,scm-cnt:1007.19201.130907.0,gps-id:5547572}",240445289,//ae01.alicdn.com/kf/H843992a658b24a18bea8a11ab6b5c003f.jpg_350x350.jpg,US $379.90,US $34.19,1627023600,926,1627196399,US $379.90,0.0,4.8,926
1,US $103.00,33041866514,91,0,//aliexpress.ru/store/1629865?t_activity=1&t_cache=1&gps-id=5547572&scm=1007.19201.130907.0&scm_id=1007.19201.130907.0&scm-url=1007.19201.130907.0&pvid=8a568fed-4bad-4786-8c5e-64182f36a18e,1910156613,XITUO kitchen scissors stainless steel home kitchen gardening strong scissors chicken bone scissors professional sharp scissors,"//aliexpress.ru/item/33041866514.html?pdp_ext_f=%7B%22sku_id%22:%2267308971815%22,%22ship_from%22:%22%22%7D&gps-id=5547572&scm=1007.19201.130907.0&scm_id=1007.19201.130907.0&scm-url=1007.19201.130907.0&pvid=8a568fed-4bad-4786-8c5e-64182f36a18e","{all:{pvid:8a568fed-4bad-4786-8c5e-64182f36a18e,scm-cnt:1007.19201.130907.0,gps-id:5547572},pvid:8a568fed-4bad-4786-8c5e-64182f36a18e,scm-cnt:1007.19201.130907.0,gps-id:5547572}",222415530,//ae01.alicdn.com/kf/Hbc52e06a3389413bb186d28cd619eb0d5.jpg_350x350.jpg,US $103.00,US $9.27,1626678000,688,1627282799,US $103.00,0.0,4.9,688
1,US $211.90,32871715184,92,0,//aliexpress.ru/store/3598014?t_activity=1&t_cache=1&gps-id=5547572&scm=1007.19201.130907.0&scm_id=1007.19201.130907.0&scm-url=1007.19201.130907.0&pvid=6cc86a10-4e8b-4686-b58c-acdb2677f9d1,1910088640,CURREN Fashion Date Quartz Men Watches Top Brand Luxury Male Clock Chronograph Sport Mens Wrist Watch Hodinky Relogio Masculino,"//aliexpress.ru/item/32871715184.html?pdp_ext_f=%7B%22sku_id%22:%2210000011318547666%22,%22ship_from%22:%22%22%7D&gps-id=5547572&scm=1007.19201.130907.0&scm_id=1007.19201.130907.0&scm-url=1007.19201.130907.0&pvid=6cc86a10-4e8b-4686-b58c-acdb2677f9d1","{all:{pvid:6cc86a10-4e8b-4686-b58c-acdb2677f9d1,scm-cnt:1007.19201.130907.0,gps-id:5547572},pvid:6cc86a10-4e8b-4686-b58c-acdb2677f9d1,scm-cnt:1007.19201.130907.0,gps-id:5547572}",232071719,//ae01.alicdn.com/kf/He6757412a092428f916377692327e6baN.jpg_350x350.jpg,US $211.90,US $16.95,1627023600,2506,1627196399,US $211.90,0.0,4.8,2506
1,US $259.90,1005002673860211,92,0,//aliexpress.ru/store/3192086?t_activity=1&t_cache=1&gps-id=5547572&scm=1007.19201.130907.0&scm_id=1007.19201.130907.0&scm-url=1007.19201.130907.0&pvid=6cc86a10-4e8b-4686-b58c-acdb2677f9d1,1910088640,LIGE Watches Mens Top Brand Luxury Clock Casual Stainless Steel 24Hour Moon Phase Men Watch Sport Waterproof Quartz Chronograph,"//aliexpress.ru/item/1005002673860211.html?pdp_ext_f=%7B%22sku_id%22:%2212000021653352239%22,%22ship_from%22:%22RU%22%7D&gps-id=5547572&scm=1007.19201.130907.0&scm_id=1007.19201.130907.0&scm-url=1007.19201.130907.0&pvid=6cc86a10-4e8b-4686-b58c-acdb2677f9d1","{all:{pvid:6cc86a10-4e8b-4686-b58c-acdb2677f9d1,scm-cnt:1007.19201.130907.0,gps-id:5547572},pvid:6cc86a10-4e8b-4686-b58c-acdb2677f9d1,scm-cnt:1007.19201.130907.0,gps-id:5547572}",231389210,//ae01.alicdn.com/kf/Hfe7a2ea08a34433688e982bd3477db90p.jpg_350x350.jpg,US $259.90,US $20.79,1627023600,755,1627196399,US $259.90,0.0,4.9,755
1,US $369.90,1005001664465406,91,0,//aliexpress.ru/store/910940037?t_activity=1&t_cache=1&gps-id=5547572&scm=1007.19201.130907.0&scm_id=1007.19201.130907.0&scm-url=1007.19201.130907.0&pvid=6cc86a10-4e8b-4686-b58c-acdb2677f9d1,1910084697,LIGE Luxury brand mens watches 2020 New Steel band Fitness watch Heart rate blood pressure Activity tracker Smart Watch For Men,"//aliexpress.ru/item/1005001664465406.html?pdp_ext_f=%7B%22sku_id%22:%2212000017038414948%22,%22ship_from%22:%22RU%22%7D&gps-id=5547572&scm=1007.19201.130907.0&scm_id=1007.19201.130907.0&scm-url=1007.19201.130907.0&pvid=6cc86a10-4e8b-4686-b58c-acdb2677f9d1","{all:{pvid:6cc86a10-4e8b-4686-b58c-acdb2677f9d1,scm-cnt:1007.19201.130907.0,gps-id:5547572},pvid:6cc86a10-4e8b-4686-b58c-acdb2677f9d1,scm-cnt:1007.19201.130907.0,gps-id:5547572}",240445289,//ae01.alicdn.com/kf/H749be2113ed747b2ab0ca5a027333982a.jpg_350x350.jpg,US $369.90,US $33.29,1627023600,802,1627196399,US $369.90,0.0,4.9,802
1,US $329.90,1005002593804361,91,0,//aliexpress.ru/store/5614137?t_activity=1&t_cache=1&gps-id=5547572&scm=1007.19201.130907.0&scm_id=1007.19201.130907.0&scm-url=1007.19201.130907.0&pvid=6cc86a10-4e8b-4686-b58c-acdb2677f9d1,1910230461,Women Smart Watch Full Touch HD Screen Smart Watch Sport Tracker Calling SmartWatch Heart Rate BP ECG With Music Playback Watch,"//aliexpress.ru/item/1005002593804361.html?pdp_ext_f=%7B%22sku_id%22:%2212000021309147479%22,%22ship_from%22:%22CN%22%7D&gps-id=5547572&scm=1007.19201.130907.0&scm_id=1007.19201.130907.0&scm-url=1007.19201.130907.0&pvid=6cc86a10-4e8b-4686-b58c-acdb2677f9d1","{all:{pvid:6cc86a10-4e8b-4686-b58c-acdb2677f9d1,scm-cnt:1007.19201.130907.0,gps-id:5547572},pvid:6cc86a10-4e8b-4686-b58c-acdb2677f9d1,scm-cnt:1007.19201.130907.0,gps-id:5547572}",240338574,//ae01.alicdn.com/kf/Ha4c9f14fbb744154906e9746818cafc7C.jpg_350x350.jpg,US $329.90,US $29.69,1626678000,356,1627282799,US $329.90,0.0,4.9,356
1,US $190.00,4001105046746,91,0,//aliexpress.ru/store/414729?t_activity=1&t_cache=1&gps-id=5547572&scm=1007.19201.130907.0&scm_id=1007.19201.130907.0&scm-url=1007.19201.130907.0&pvid=6cc86a10-4e8b-4686-b58c-acdb2677f9d1,1910123654,DAIMI Sky Blue Topaz Bracelet Female  gemstones Genuine Yellow 14K Gold Injection  Jewelry,"//aliexpress.ru/item/4001105046746.html?pdp_ext_f=%7B%22sku_id%22:%2210000014425184132%22,%22ship_from%22:%22CN%22%7D&gps-id=5547572&scm=1007.19201.130907.0&scm_id=1007.19201.130907.0&scm-url=1007.19201.130907.0&pvid=6cc86a10-4e8b-4686-b58c-acdb2677f9d1","{all:{pvid:6cc86a10-4e8b-4686-b58c-acdb2677f9d1,scm-cnt:1007.19201.130907.0,gps-id:5547572},pvid:6cc86a10-4e8b-4686-b58c-acdb2677f9d1,scm-cnt:1007.19201.130907.0,gps-id:5547572}",201995577,//ae01.alicdn.com/kf/H9a4b7be92e1c4d108c0a819279c5ea33e.jpg_350x350.jpg,US $190.00,US $17.10,1626678000,182,1627282799,US $190.00,0.0,4.8,182
1,US $149.00,4000808559259,91,0,//aliexpress.ru/store/414729?t_activity=1&t_cache=1&gps-id=5547572&scm=1007.19201.130907.0&scm_id=1007.19201.130907.0&scm-url=1007.19201.130907.0&pvid=6cc86a10-4e8b-4686-b58c-acdb2677f9d1,1910123654,DAIMI  6-7mm Long Pearl Necklace Silver 925 Jewelry Sweater Pearl Necklace For Women,"//aliexpress.ru/item/4000808559259.html?pdp_ext_f=%7B%22sku_id%22:%2210000008103186239%22,%22ship_from%22:%22CN%22%7D&gps-id=5547572&scm=1007.19201.130907.0&scm_id=1007.19201.130907.0&scm-url=1007.19201.130907.0&pvid=6cc86a10-4e8b-4686-b58c-acdb2677f9d1","{all:{pvid:6cc86a10-4e8b-4686-b58c-acdb2677f9d1,scm-cnt:1007.19201.130907.0,gps-id:5547572},pvid:6cc86a10-4e8b-4686-b58c-acdb2677f9d1,scm-cnt:1007.19201.130907.0,gps-id:5547572}",201995577,//ae01.alicdn.com/kf/H8c7bfde540a44195854325894ccbd3edl.jpg_350x350.jpg,US $149.00,US $13.41,1626678000,47,1627282799,US $149.00,0.0,4.8,47
1,US $19.98,4001354317610,91,0,//aliexpress.ru/store/5884458?t_activity=1&t_cache=1&gps-id=5547572&scm=1007.19201.130907.0&scm_id=1007.19201.130907.0&scm-url=1007.19201.130907.0&pvid=6cc86a10-4e8b-4686-b58c-acdb2677f9d1,1910123654,2021 New Sunglasses Sunglasses Sunglasses Anti-UV Sunglasses Men and Women Fashion Trend Sunglasses classic design,"//aliexpress.ru/item/4001354317610.html?pdp_ext_f=%7B%22sku_id%22:%2212000022635260626%22,%22ship_from%22:%22%22%7D&gps-id=5547572&scm=1007.19201.130907.0&scm_id=1007.19201.130907.0&scm-url=1007.19201.130907.0&pvid=6cc86a10-4e8b-4686-b58c-acdb2677f9d1","{all:{pvid:6cc86a10-4e8b-4686-b58c-acdb2677f9d1,scm-cnt:1007.19201.130907.0,gps-id:5547572},pvid:6cc86a10-4e8b-4686-b58c-acdb2677f9d1,scm-cnt:1007.19201.130907.0,gps-id:5547572}",238075576,//ae01.alicdn.com/kf/H5fd4799607d543688a1a4f1fba18733cZ.jpg_350x350.jpg,US $19.98,US $1.80,1626678000,396,1627282799,US $19.98,0.0,4.7,396
1,US $74.62,32654107079,91,0,//aliexpress.ru/store/414729?t_activity=1&t_cache=1&gps-id=5547572&scm=1007.19201.130907.0&scm_id=1007.19201.130907.0&scm-url=1007.19201.130907.0&pvid=6cc86a10-4e8b-4686-b58c-acdb2677f9d1,1910123654,DAIMI 9-10mm Natural Big Pearl Earrings Shiny Crystal 100% Genuine 925 Sterling Silver Studs Earring Office Chic Jewel,"//aliexpress.ru/item/32654107079.html?pdp_ext_f=%7B%22sku_id%22:%2265817305540%22,%22ship_from%22:%22%22%7D&gps-id=5547572&scm=1007.19201.130907.0&scm_id=1007.19201.130907.0&scm-url=1007.19201.130907.0&pvid=6cc86a10-4e8b-4686-b58c-acdb2677f9d1","{all:{pvid:6cc86a10-4e8b-4686-b58c-acdb2677f9d1,scm-cnt:1007.19201.130907.0,gps-id:5547572},pvid:6cc86a10-4e8b-4686-b58c-acdb2677f9d1,scm-cnt:1007.19201.130907.0,gps-id:5547572}",201995577,//ae01.alicdn.com/kf/Hceba7552c5f749fcbc957657f85f4270p.jpg_350x350.jpg,US $74.62,US $6.72,1626678000,87,1627282799,US $74.62,0.0,4.6,87
1,US $49.90,1005001992673629,91,0,//aliexpress.ru/store/414729?t_activity=1&t_cache=1&gps-id=5547572&scm=1007.19201.130907.0&scm_id=1007.19201.130907.0&scm-url=1007.19201.130907.0&pvid=6cc86a10-4e8b-4686-b58c-acdb2677f9d1,1910123654,DAIMI 3mm Natural Garnet Gold Plated Ring Adjustable For Women Gift,"//aliexpress.ru/item/1005001992673629.html?pdp_ext_f=%7B%22sku_id%22:%2212000018344936984%22,%22ship_from%22:%22CN%22%7D&gps-id=5547572&scm=1007.19201.130907.0&scm_id=1007.19201.130907.0&scm-url=1007.19201.130907.0&pvid=6cc86a10-4e8b-4686-b58c-acdb2677f9d1","{all:{pvid:6cc86a10-4e8b-4686-b58c-acdb2677f9d1,scm-cnt:1007.19201.130907.0,gps-id:5547572},pvid:6cc86a10-4e8b-4686-b58c-acdb2677f9d1,scm-cnt:1007.19201.130907.0,gps-id:5547572}",201995577,//ae01.alicdn.com/kf/H833f3dbac2654faa95475459e15ddcef1.jpg_350x350.jpg,US $49.90,US $4.49,1626678000,41,1627282799,US $49.90,0.0,5.0,41
1,US $145.20,32795059375,91,0,//aliexpress.ru/store/2780176?t_activity=1&t_cache=1&gps-id=5547572&scm=1007.19201.130907.0&scm_id=1007.19201.130907.0&scm-url=1007.19201.130907.0&pvid=6cc86a10-4e8b-4686-b58c-acdb2677f9d1,1910230461,MISSFOX Women Watches Luxury Brand Fashion Casual Ladies Watch Women Quartz Diamond Geneva Lady Bracelet Wrist Watches For Women,"//aliexpress.ru/item/32795059375.html?pdp_ext_f=%7B%22sku_id%22:%2266962613751%22,%22ship_from%22:%22RU%22%7D&gps-id=5547572&scm=1007.19201.130907.0&scm_id=1007.19201.130907.0&scm-url=1007.19201.130907.0&pvid=6cc86a10-4e8b-4686-b58c-acdb2677f9d1","{all:{pvid:6cc86a10-4e8b-4686-b58c-acdb2677f9d1,scm-cnt:1007.19201.130907.0,gps-id:5547572},pvid:6cc86a10-4e8b-4686-b58c-acdb2677f9d1,scm-cnt:1007.19201.130907.0,gps-id:5547572}",229890389,//ae01.alicdn.com/kf/HTB1RgXtNxYaK1RjSZFnq6y80pXam.jpg_350x350.jpg,US $145.20,US $13.07,1626678000,81,1627282799,US $145.20,0.0,4.8,81
1,US $189.90,1005002679646657,91,0,//aliexpress.ru/store/3192086?t_activity=1&t_cache=1&gps-id=5547572&scm=1007.19201.130907.0&scm_id=1007.19201.130907.0&scm-url=1007.19201.130907.0&pvid=362d1c3c-476c-4dba-9474-91f006364643,1910088640,LIGE Digital Men Military Watch 50m Waterproof Wristwatch LED Quartz Clock Sport Watch Male Big Watches Men Relogios Masculino,"//aliexpress.ru/item/1005002679646657.html?pdp_ext_f=%7B%22sku_id%22:%2212000023039114613%22,%22ship_from%22:%22CN%22%7D&gps-id=5547572&scm=1007.19201.130907.0&scm_id=1007.19201.130907.0&scm-url=1007.19201.130907.0&pvid=362d1c3c-476c-4dba-9474-91f006364643","{all:{pvid:362d1c3c-476c-4dba-9474-91f006364643,scm-cnt:1007.19201.130907.0,gps-id:5547572},pvid:362d1c3c-476c-4dba-9474-91f006364643,scm-cnt:1007.19201.130907.0,gps-id:5547572}",231389210,//ae01.alicdn.com/kf/He434afdf9bd143489b318ca84b944f9af.jpg_350x350.jpg,US $189.90,US $17.09,1627023600,414,1627196399,US $189.90,0.0,4.7,414
1,US $199.90,32833506285,92,0,//aliexpress.ru/store/2784124?t_activity=1&t_cache=1&gps-id=5547572&scm=1007.19201.130907.0&scm_id=1007.19201.130907.0&scm-url=1007.19201.130907.0&pvid=362d1c3c-476c-4dba-9474-91f006364643,1910230461,BOAMIGO brand men sports watches 3 time zone big man fashion military LED watch leather quartz wristwatches relogio masculino,"//aliexpress.ru/item/32833506285.html?pdp_ext_f=%7B%22sku_id%22:%2210000000757668031%22,%22ship_from%22:%22RU%22%7D&gps-id=5547572&scm=1007.19201.130907.0&scm_id=1007.19201.130907.0&scm-url=1007.19201.130907.0&pvid=362d1c3c-476c-4dba-9474-91f006364643","{all:{pvid:362d1c3c-476c-4dba-9474-91f006364643,scm-cnt:1007.19201.130907.0,gps-id:5547572},pvid:362d1c3c-476c-4dba-9474-91f006364643,scm-cnt:1007.19201.130907.0,gps-id:5547572}",229971949,//ae01.alicdn.com/kf/HTB1i0YQof2H8KJjy1zkq6xr7pXaw.jpg_350x350.jpg,US $199.90,US $15.99,1626678000,521,1627282799,US $199.90,0.0,4.7,521
1,US $164.95,1005001672113932,83,0,//aliexpress.ru/store/910569197?t_activity=1&t_cache=1&gps-id=5547572&scm=1007.19201.130907.0&scm_id=1007.19201.130907.0&scm-url=1007.19201.130907.0&pvid=362d1c3c-476c-4dba-9474-91f006364643,1910230461,LIGE 2021 New Men Smart Watch Bluetooth Call Watch IP67 Waterproof Sports Fitness Watch For Android IOS Smart Watch 2021 + Box,"//aliexpress.ru/item/1005001672113932.html?pdp_ext_f=%7B%22sku_id%22:%2212000017075084340%22,%22ship_from%22:%22RU%22%7D&gps-id=5547572&scm=1007.19201.130907.0&scm_id=1007.19201.130907.0&scm-url=1007.19201.130907.0&pvid=362d1c3c-476c-4dba-9474-91f006364643","{all:{pvid:362d1c3c-476c-4dba-9474-91f006364643,scm-cnt:1007.19201.130907.0,gps-id:5547572},pvid:362d1c3c-476c-4dba-9474-91f006364643,scm-cnt:1007.19201.130907.0,gps-id:5547572}",240468028,//ae01.alicdn.com/kf/Hc0d372beeb3b42e799b0eed89f68de23V.jpg_350x350.jpg,US $164.95,US $28.04,1626678000,1126,1627282799,US $164.95,0.0,4.7,1126
1,US $359.90,1005002332149468,91,0,//aliexpress.ru/store/911650002?t_activity=1&t_cache=1&gps-id=5547572&scm=1007.19201.130907.0&scm_id=1007.19201.130907.0&scm-url=1007.19201.130907.0&pvid=362d1c3c-476c-4dba-9474-91f006364643,1910230461,2021 New Smart Watch Men Sports Fitness Bluetooth Call Multifunction Music Control Alarm Clock Reminder Men Smartwatch For Phone,"//aliexpress.ru/item/1005002332149468.html?pdp_ext_f=%7B%22sku_id%22:%2212000022634710303%22,%22ship_from%22:%22CN%22%7D&gps-id=5547572&scm=1007.19201.130907.0&scm_id=1007.19201.130907.0&scm-url=1007.19201.130907.0&pvid=362d1c3c-476c-4dba-9474-91f006364643","{all:{pvid:362d1c3c-476c-4dba-9474-91f006364643,scm-cnt:1007.19201.130907.0,gps-id:5547572},pvid:362d1c3c-476c-4dba-9474-91f006364643,scm-cnt:1007.19201.130907.0,gps-id:5547572}",250737952,//ae01.alicdn.com/kf/Haa3da6f1e43b4a4a9eccc40206063fb8e.jpg_350x350.jpg,US $359.90,US $32.39,1626678000,348,1627282799,US $359.90,0.0,4.9,348
1,US $219.90,32993322685,91,0,//aliexpress.ru/store/1488658?t_activity=1&t_cache=1&gps-id=5547572&scm=1007.19201.130907.0&scm_id=1007.19201.130907.0&scm-url=1007.19201.130907.0&pvid=362d1c3c-476c-4dba-9474-91f006364643,1910123654,2021 LIGE New Rose Gold Women Watch Business Quartz Watch Ladies Top Brand Luxury Female Wrist Watch Girl Clock Relogio Feminin,"//aliexpress.ru/item/32993322685.html?pdp_ext_f=%7B%22sku_id%22:%2266884874641%22,%22ship_from%22:%22%22%7D&gps-id=5547572&scm=1007.19201.130907.0&scm_id=1007.19201.130907.0&scm-url=1007.19201.130907.0&pvid=362d1c3c-476c-4dba-9474-91f006364643","{all:{pvid:362d1c3c-476c-4dba-9474-91f006364643,scm-cnt:1007.19201.130907.0,gps-id:5547572},pvid:362d1c3c-476c-4dba-9474-91f006364643,scm-cnt:1007.19201.130907.0,gps-id:5547572}",221595207,//ae01.alicdn.com/kf/H0475a8d957c84bb89eeab919d8f2bd52b.jpg_350x350.jpg,US $219.90,US $19.79,1626678000,65,1627282799,US $219.90,0.0,4.7,65
1,US $169.90,4000018612881,91,0,//aliexpress.ru/store/4663062?t_activity=1&t_cache=1&gps-id=5547572&scm=1007.19201.130907.0&scm_id=1007.19201.130907.0&scm-url=1007.19201.130907.0&pvid=362d1c3c-476c-4dba-9474-91f006364643,1910230461,LIGE Womens Watches Top Brand Luxury Waterproof Watch Fashion Ladies Stainless Steel Ultra-Thin Casual Wristwatch Quartz Clock,"//aliexpress.ru/item/4000018612881.html?pdp_ext_f=%7B%22sku_id%22:%2212000016061565503%22,%22ship_from%22:%22RU%22%7D&gps-id=5547572&scm=1007.19201.130907.0&scm_id=1007.19201.130907.0&scm-url=1007.19201.130907.0&pvid=362d1c3c-476c-4dba-9474-91f006364643","{all:{pvid:362d1c3c-476c-4dba-9474-91f006364643,scm-cnt:1007.19201.130907.0,gps-id:5547572},pvid:362d1c3c-476c-4dba-9474-91f006364643,scm-cnt:1007.19201.130907.0,gps-id:5547572}",234648111,//ae01.alicdn.com/kf/HTB1U5fhaHr1gK0jSZFDq6z9yVXau.jpg_350x350.jpg,US $169.90,US $15.29,1626678000,33,1627282799,US $169.90,0.0,4.6,33
1,US $169.90,33062999979,91,0,//aliexpress.ru/store/4964046?t_activity=1&t_cache=1&gps-id=5547572&scm=1007.19201.130907.0&scm_id=1007.19201.130907.0&scm-url=1007.19201.130907.0&pvid=362d1c3c-476c-4dba-9474-91f006364643,1910230461,Couple Watch NAVIFORCE Mens Watch Simple Luxury Quartz Wristwatch women Clock for Male Female Waterproof Lovers Thin Watch 2021,"//aliexpress.ru/item/33062999979.html?pdp_ext_f=%7B%22sku_id%22:%2210000000020254127%22,%22ship_from%22:%22%22%7D&gps-id=5547572&scm=1007.19201.130907.0&scm_id=1007.19201.130907.0&scm-url=1007.19201.130907.0&pvid=362d1c3c-476c-4dba-9474-91f006364643","{all:{pvid:362d1c3c-476c-4dba-9474-91f006364643,scm-cnt:1007.19201.130907.0,gps-id:5547572},pvid:362d1c3c-476c-4dba-9474-91f006364643,scm-cnt:1007.19201.130907.0,gps-id:5547572}",237585399,//ae01.alicdn.com/kf/HTB1uOzUXVY7gK0jSZKzq6yikpXa4.jpg_350x350.jpg,US $169.90,US $15.29,1626678000,67,1627282799,US $169.90,0.0,4.9,67
1,US $610.00,1005002617075759,91,0,//aliexpress.ru/store/2785028?t_activity=1&t_cache=1&gps-id=5547572&scm=1007.19201.130907.0&scm_id=1007.19201.130907.0&scm-url=1007.19201.130907.0&pvid=362d1c3c-476c-4dba-9474-91f006364643,1910088640,2021 genuine Ailang new men's watch Mechanical masculine and waterproof automatic man watch with leather strap and calendar,"//aliexpress.ru/item/1005002617075759.html?pdp_ext_f=%7B%22sku_id%22:%2212000021414988906%22,%22ship_from%22:%22%22%7D&gps-id=5547572&scm=1007.19201.130907.0&scm_id=1007.19201.130907.0&scm-url=1007.19201.130907.0&pvid=362d1c3c-476c-4dba-9474-91f006364643","{all:{pvid:362d1c3c-476c-4dba-9474-91f006364643,scm-cnt:1007.19201.130907.0,gps-id:5547572},pvid:362d1c3c-476c-4dba-9474-91f006364643,scm-cnt:1007.19201.130907.0,gps-id:5547572}",229837500,//ae01.alicdn.com/kf/H21e0e5a473044585beb249aa9ac64779B.jpg_350x350.jpg,US $610.00,US $54.90,1627023600,66,1627196399,US $610.00,0.0,5.0,66
1,US $575.00,33005904049,90,0,//aliexpress.ru/store/3018160?t_activity=1&t_cache=1&gps-id=5547572&scm=1007.19201.130907.0&scm_id=1007.19201.130907.0&scm-url=1007.19201.130907.0&pvid=362d1c3c-476c-4dba-9474-91f006364643,1910095614,AILANG Original design watch men's double flywheel automatic mechanical watch fashion casual business men's clock Original,"//aliexpress.ru/item/33005904049.html?pdp_ext_f=%7B%22sku_id%22:%2212000015831511222%22,%22ship_from%22:%22CN%22%7D&gps-id=5547572&scm=1007.19201.130907.0&scm_id=1007.19201.130907.0&scm-url=1007.19201.130907.0&pvid=362d1c3c-476c-4dba-9474-91f006364643","{all:{pvid:362d1c3c-476c-4dba-9474-91f006364643,scm-cnt:1007.19201.130907.0,gps-id:5547572},pvid:362d1c3c-476c-4dba-9474-91f006364643,scm-cnt:1007.19201.130907.0,gps-id:5547572}",230857184,//ae01.alicdn.com/kf/H5540162caafd47c5925c3a44112393d1o.jpg_350x350.jpg,US $575.00,US $57.50,1627110000,503,1627282799,US $575.00,0.0,4.7,503
1,US $159.60,32252935190,90,0,//aliexpress.ru/store/517326?t_activity=1&t_cache=1&gps-id=5547572&scm=1007.19201.130907.0&scm_id=1007.19201.130907.0&scm-url=1007.19201.130907.0&pvid=362d1c3c-476c-4dba-9474-91f006364643,1910123654,Yixing Teapot Tea Pot filter Xishi Pot Beauties Handmade Purple Clay Teaware customized Gifts  Drinkware Set Drink Puer,"//aliexpress.ru/item/32252935190.html?pdp_ext_f=%7B%22sku_id%22:%2257818219880%22,%22ship_from%22:%22%22%7D&gps-id=5547572&scm=1007.19201.130907.0&scm_id=1007.19201.130907.0&scm-url=1007.19201.130907.0&pvid=362d1c3c-476c-4dba-9474-91f006364643","{all:{pvid:362d1c3c-476c-4dba-9474-91f006364643,scm-cnt:1007.19201.130907.0,gps-id:5547572},pvid:362d1c3c-476c-4dba-9474-91f006364643,scm-cnt:1007.19201.130907.0,gps-id:5547572}",202260035,//ae01.alicdn.com/kf/Hb33f5010554d4afc93eda22ab99b4afdJ.jpg_350x350.jpg,US $159.60,US $15.96,1626678000,373,1627282799,US $159.60,0.0,4.8,373
1,US $229.90,4000048626905,91,0,//aliexpress.ru/store/4964046?t_activity=1&t_cache=1&gps-id=5547572&scm=1007.19201.130907.0&scm_id=1007.19201.130907.0&scm-url=1007.19201.130907.0&pvid=d23b7de2-1487-4dce-b6c6-ffe8013a2f03,1910088640,NAVIFORCE Men Military Sport Wrist Watch Gold Quartz Steel Waterproof Dual Display Male Clock Watches Relogio Masculino 9163,"//aliexpress.ru/item/4000048626905.html?pdp_ext_f=%7B%22sku_id%22:%2210000010468270579%22,%22ship_from%22:%22RU%22%7D&gps-id=5547572&scm=1007.19201.130907.0&scm_id=1007.19201.130907.0&scm-url=1007.19201.130907.0&pvid=d23b7de2-1487-4dce-b6c6-ffe8013a2f03","{all:{pvid:d23b7de2-1487-4dce-b6c6-ffe8013a2f03,scm-cnt:1007.19201.130907.0,gps-id:5547572},pvid:d23b7de2-1487-4dce-b6c6-ffe8013a2f03,scm-cnt:1007.19201.130907.0,gps-id:5547572}",237585399,//ae01.alicdn.com/kf/Haf0e33039b5241e69c10e320df42c10cQ.jpg_350x350.jpg,US $229.90,US $20.69,1627023600,5467,1627196399,US $229.90,0.0,4.9,5467
1,US $259.90,1005001290335675,92,0,//aliexpress.ru/store/3192086?t_activity=1&t_cache=1&gps-id=5547572&scm=1007.19201.130907.0&scm_id=1007.19201.130907.0&scm-url=1007.19201.130907.0&pvid=d23b7de2-1487-4dce-b6c6-ffe8013a2f03,1910095614,2021 LIGE New Fashion Mens Watches Top Brand Luxury Silicone Sport Watch Men Quartz Date Clock Waterproof Wristwatch Chronograph,"//aliexpress.ru/item/1005001290335675.html?pdp_ext_f=%7B%22sku_id%22:%2212000018005067252%22,%22ship_from%22:%22RU%22%7D&gps-id=5547572&scm=1007.19201.130907.0&scm_id=1007.19201.130907.0&scm-url=1007.19201.130907.0&pvid=d23b7de2-1487-4dce-b6c6-ffe8013a2f03","{all:{pvid:d23b7de2-1487-4dce-b6c6-ffe8013a2f03,scm-cnt:1007.19201.130907.0,gps-id:5547572},pvid:d23b7de2-1487-4dce-b6c6-ffe8013a2f03,scm-cnt:1007.19201.130907.0,gps-id:5547572}",231389210,//ae01.alicdn.com/kf/Hd4e53a09cc294ea880914c60dc659c18A.jpg_350x350.jpg,US $259.90,US $20.79,1627110000,755,1627282799,US $259.90,0.0,4.8,755
1,US $149.90,4001115215867,91,0,//aliexpress.ru/store/4986002?t_activity=1&t_cache=1&gps-id=5547572&scm=1007.19201.130907.0&scm_id=1007.19201.130907.0&scm-url=1007.19201.130907.0&pvid=d23b7de2-1487-4dce-b6c6-ffe8013a2f03,1910123654,LIGE Womens Watches Top Brand Luxury Casual Fashion Watch Women Quartz Waterproof Clock Mesh belt Ladies Wristwatch Ladies Watch,"//aliexpress.ru/item/4001115215867.html?pdp_ext_f=%7B%22sku_id%22:%2210000014500994104%22,%22ship_from%22:%22%22%7D&gps-id=5547572&scm=1007.19201.130907.0&scm_id=1007.19201.130907.0&scm-url=1007.19201.130907.0&pvid=d23b7de2-1487-4dce-b6c6-ffe8013a2f03","{all:{pvid:d23b7de2-1487-4dce-b6c6-ffe8013a2f03,scm-cnt:1007.19201.130907.0,gps-id:5547572},pvid:d23b7de2-1487-4dce-b6c6-ffe8013a2f03,scm-cnt:1007.19201.130907.0,gps-id:5547572}",234720814,//ae01.alicdn.com/kf/Hc9b499f369134d878adf3991eead0a80m.jpg_350x350.jpg,US $149.90,US $13.49,1626678000,53,1627282799,US $149.90,0.0,4.4,53
1,US $155.00,1005001585752633,90,0,//aliexpress.ru/store/5425269?t_activity=1&t_cache=1&gps-id=5547572&scm=1007.19201.130907.0&scm_id=1007.19201.130907.0&scm-url=1007.19201.130907.0&pvid=d23b7de2-1487-4dce-b6c6-ffe8013a2f03,1910123654,JBL T180A In-Ear Stereo Earphones 3.5mm Wired Sport Gaming Headset Pure Bass Earbuds Handsfree With microphone,"//aliexpress.ru/item/1005001585752633.html?pdp_ext_f=%7B%22sku_id%22:%2212000016692011947%22,%22ship_from%22:%22%22%7D&gps-id=5547572&scm=1007.19201.130907.0&scm_id=1007.19201.130907.0&scm-url=1007.19201.130907.0&pvid=d23b7de2-1487-4dce-b6c6-ffe8013a2f03","{all:{pvid:d23b7de2-1487-4dce-b6c6-ffe8013a2f03,scm-cnt:1007.19201.130907.0,gps-id:5547572},pvid:d23b7de2-1487-4dce-b6c6-ffe8013a2f03,scm-cnt:1007.19201.130907.0,gps-id:5547572}",239600180,//ae01.alicdn.com/kf/H78c4172875c54aa0a76aed7bf63beec67.jpg_350x350.jpg,US $155.00,US $15.50,1626678000,644,1627282799,US $155.00,0.0,4.7,644
1,US $416.00,1005002703281558,90,0,//aliexpress.ru/store/910822009?t_activity=1&t_cache=1&gps-id=5547572&scm=1007.19201.130907.0&scm_id=1007.19201.130907.0&scm-url=1007.19201.130907.0&pvid=d23b7de2-1487-4dce-b6c6-ffe8013a2f03,1910095614,2021 Six Star Large Dial Watch Men's Mechanical Watch Automatic Student Trend Concept Tattooed Wirst Watch,"//aliexpress.ru/item/1005002703281558.html?pdp_ext_f=%7B%22sku_id%22:%2212000021781021888%22,%22ship_from%22:%22CN%22%7D&gps-id=5547572&scm=1007.19201.130907.0&scm_id=1007.19201.130907.0&scm-url=1007.19201.130907.0&pvid=d23b7de2-1487-4dce-b6c6-ffe8013a2f03","{all:{pvid:d23b7de2-1487-4dce-b6c6-ffe8013a2f03,scm-cnt:1007.19201.130907.0,gps-id:5547572},pvid:d23b7de2-1487-4dce-b6c6-ffe8013a2f03,scm-cnt:1007.19201.130907.0,gps-id:5547572}",244194072,//ae01.alicdn.com/kf/H8b5a6ca268bd4a6fb6a6e3a3456a78293.jpg_350x350.jpg,US $416.00,US $41.60,1627110000,53,1627282799,US $416.00,0.0,4.6,53
1,US $95.99,4001248739758,90,0,//aliexpress.ru/store/2942150?t_activity=1&t_cache=1&gps-id=5547572&scm=1007.19201.130907.0&scm_id=1007.19201.130907.0&scm-url=1007.19201.130907.0&pvid=d23b7de2-1487-4dce-b6c6-ffe8013a2f03,1910123654,JACNAIP Pin Buckle Leather Mens belt Rotatable Luxury Reversible Belts For Men Jeans Cowhide Belts Genuine 2 In 1 ремень мужской,"//aliexpress.ru/item/4001248739758.html?pdp_ext_f=%7B%22sku_id%22:%2210000015458237559%22,%22ship_from%22:%22%22%7D&gps-id=5547572&scm=1007.19201.130907.0&scm_id=1007.19201.130907.0&scm-url=1007.19201.130907.0&pvid=d23b7de2-1487-4dce-b6c6-ffe8013a2f03","{all:{pvid:d23b7de2-1487-4dce-b6c6-ffe8013a2f03,scm-cnt:1007.19201.130907.0,gps-id:5547572},pvid:d23b7de2-1487-4dce-b6c6-ffe8013a2f03,scm-cnt:1007.19201.130907.0,gps-id:5547572}",230454787,//ae01.alicdn.com/kf/Hfd0e9f3c01324370be3cc5c785fc65e01.jpg_350x350.jpg,US $95.99,US $9.60,1626678000,101,1627282799,US $95.99,0.0,4.6,101
1,US $9.51,1005002311470757,82,0,//aliexpress.ru/store/911734120?t_activity=1&t_cache=1&gps-id=5547572&scm=1007.19201.130907.0&scm_id=1007.19201.130907.0&scm-url=1007.19201.130907.0&pvid=d23b7de2-1487-4dce-b6c6-ffe8013a2f03,1910123654,Cat Toy Fish USB Electric Charging Simulation Fish Cat Pet Chew Bite Interactive Cat Toys Dropshiping Moving Floppy Wagging Fish,"//aliexpress.ru/item/1005002311470757.html?pdp_ext_f=%7B%22sku_id%22:%2212000021253290549%22,%22ship_from%22:%22CN%22%7D&gps-id=5547572&scm=1007.19201.130907.0&scm_id=1007.19201.130907.0&scm-url=1007.19201.130907.0&pvid=d23b7de2-1487-4dce-b6c6-ffe8013a2f03","{all:{pvid:d23b7de2-1487-4dce-b6c6-ffe8013a2f03,scm-cnt:1007.19201.130907.0,gps-id:5547572},pvid:d23b7de2-1487-4dce-b6c6-ffe8013a2f03,scm-cnt:1007.19201.130907.0,gps-id:5547572}",251031041,//ae01.alicdn.com/kf/H0a7eb007b8074c2ebc05d4f4c6675613j.jpg_350x350.jpg,US $9.51,US $1.66,1626678000,3385,1627282799,US $9.51,0.0,4.7,3385
1,US $79.95,1005002662806257,82,0,//aliexpress.ru/store/3192086?t_activity=1&t_cache=1&gps-id=5547572&scm=1007.19201.130907.0&scm_id=1007.19201.130907.0&scm-url=1007.19201.130907.0&pvid=d23b7de2-1487-4dce-b6c6-ffe8013a2f03,1910095614,2021 LIGE Brand SUNKTA Women Watches Fashion Square Ladies Quartz Watch Bracelet Set Dial Simple Rose Gold Luxury Women Watches,"//aliexpress.ru/item/1005002662806257.html?pdp_ext_f=%7B%22sku_id%22:%2212000021654418444%22,%22ship_from%22:%22RU%22%7D&gps-id=5547572&scm=1007.19201.130907.0&scm_id=1007.19201.130907.0&scm-url=1007.19201.130907.0&pvid=d23b7de2-1487-4dce-b6c6-ffe8013a2f03","{all:{pvid:d23b7de2-1487-4dce-b6c6-ffe8013a2f03,scm-cnt:1007.19201.130907.0,gps-id:5547572},pvid:d23b7de2-1487-4dce-b6c6-ffe8013a2f03,scm-cnt:1007.19201.130907.0,gps-id:5547572}",231389210,//ae01.alicdn.com/kf/H624fee887bfc443db61ad20ee1259252g.jpg_350x350.jpg,US $79.95,US $14.39,1627110000,339,1627282799,US $79.95,0.0,4.8,339
1,US $116.24,1005002529794692,50,0,//aliexpress.ru/store/406926?t_activity=1&t_cache=1&gps-id=5547572&scm=1007.19201.130907.0&scm_id=1007.19201.130907.0&scm-url=1007.19201.130907.0&pvid=d23b7de2-1487-4dce-b6c6-ffe8013a2f03,1910095614,honey blonde lace front wigs for black women curly human hair wig body wave straight highlight wig human hair bob lace frontal,"//aliexpress.ru/item/1005002529794692.html?pdp_ext_f=%7B%22sku_id%22:%2212000021657804230%22,%22ship_from%22:%22FR%22%7D&gps-id=5547572&scm=1007.19201.130907.0&scm_id=1007.19201.130907.0&scm-url=1007.19201.130907.0&pvid=d23b7de2-1487-4dce-b6c6-ffe8013a2f03","{all:{pvid:d23b7de2-1487-4dce-b6c6-ffe8013a2f03,scm-cnt:1007.19201.130907.0,gps-id:5547572},pvid:d23b7de2-1487-4dce-b6c6-ffe8013a2f03,scm-cnt:1007.19201.130907.0,gps-id:5547572}",120456550,//ae01.alicdn.com/kf/H212b757ba48f43f886964090ab81d9758.jpg_350x350.jpg,US $116.24,US $58.12,1627110000,808,1627282799,US $116.24,0.0,5.0,808
1,US $29.99,1005001421865952,88,0,//aliexpress.ru/store/5480127?t_activity=1&t_cache=1&gps-id=5547572&scm=1007.19201.130907.0&scm_id=1007.19201.130907.0&scm-url=1007.19201.130907.0&pvid=d23b7de2-1487-4dce-b6c6-ffe8013a2f03,1910123654,Japan Wash Face Soap Foaming Net Bath Shower Soap Blister Bubble Mesh Body Cleansing Nets Bath Washing Tool Bathroom Accessories,"//aliexpress.ru/item/1005001421865952.html?pdp_ext_f=%7B%22sku_id%22:%2212000016054293620%22,%22ship_from%22:%22CN%22%7D&gps-id=5547572&scm=1007.19201.130907.0&scm_id=1007.19201.130907.0&scm-url=1007.19201.130907.0&pvid=d23b7de2-1487-4dce-b6c6-ffe8013a2f03","{all:{pvid:d23b7de2-1487-4dce-b6c6-ffe8013a2f03,scm-cnt:1007.19201.130907.0,gps-id:5547572},pvid:d23b7de2-1487-4dce-b6c6-ffe8013a2f03,scm-cnt:1007.19201.130907.0,gps-id:5547572}",239971256,//ae01.alicdn.com/kf/Hda62e042624c4d698848d29eae26dd29r.jpg_350x350.jpg,US $29.99,US $3.60,1626678000,63,1627282799,US $29.99,0.0,5.0,63
1,US $209.90,1005001808944908,92,0,//aliexpress.ru/store/3192086?t_activity=1&t_cache=1&gps-id=5547572&scm=1007.19201.130907.0&scm_id=1007.19201.130907.0&scm-url=1007.19201.130907.0&pvid=3a349a18-4808-4b89-9427-391a19c919f0,1910088640,2021 LIGE Casual Sports Watch for Men Top Brand Luxury Military Leather Wrist Watches Mens Clocks Fashion Chronograph Wristwatch,"//aliexpress.ru/item/1005001808944908.html?pdp_ext_f=%7B%22sku_id%22:%2212000018068051744%22,%22ship_from%22:%22ES%22%7D&gps-id=5547572&scm=1007.19201.130907.0&scm_id=1007.19201.130907.0&scm-url=1007.19201.130907.0&pvid=3a349a18-4808-4b89-9427-391a19c919f0","{all:{pvid:3a349a18-4808-4b89-9427-391a19c919f0,scm-cnt:1007.19201.130907.0,gps-id:5547572},pvid:3a349a18-4808-4b89-9427-391a19c919f0,scm-cnt:1007.19201.130907.0,gps-id:5547572}",231389210,//ae01.alicdn.com/kf/H6d652d877e7447bf85afbb3687aa94852.jpg_350x350.jpg,US $209.90,US $16.79,1627023600,706,1627196399,US $209.90,0.0,4.8,706
1,US $249.90,4000523005156,91,0,//aliexpress.ru/store/2795078?t_activity=1&t_cache=1&gps-id=5547572&scm=1007.19201.130907.0&scm_id=1007.19201.130907.0&scm-url=1007.19201.130907.0&pvid=3a349a18-4808-4b89-9427-391a19c919f0,1910088640,NAVIFORCE Men Watch Top Luxury Brand Big Dial Sport Watches Mens Chronograph Quartz Wristwatch Date Male Clock Relogio Masculino,"//aliexpress.ru/item/4000523005156.html?pdp_ext_f=%7B%22sku_id%22:%2212000016321212900%22,%22ship_from%22:%22ES%22%7D&gps-id=5547572&scm=1007.19201.130907.0&scm_id=1007.19201.130907.0&scm-url=1007.19201.130907.0&pvid=3a349a18-4808-4b89-9427-391a19c919f0","{all:{pvid:3a349a18-4808-4b89-9427-391a19c919f0,scm-cnt:1007.19201.130907.0,gps-id:5547572},pvid:3a349a18-4808-4b89-9427-391a19c919f0,scm-cnt:1007.19201.130907.0,gps-id:5547572}",229806002,//ae01.alicdn.com/kf/H4666f7c17bc549ac92bcdb63703562e4A.jpg_350x350.jpg,US $249.90,US $22.49,1627023600,2890,1627196399,US $249.90,0.0,4.9,2890
1,US $129.95,1005002278422141,83,0,//aliexpress.ru/store/911290059?t_activity=1&t_cache=1&gps-id=5547572&scm=1007.19201.130907.0&scm_id=1007.19201.130907.0&scm-url=1007.19201.130907.0&pvid=3a349a18-4808-4b89-9427-391a19c919f0,1910095614,LIGE 2021 Fashion Smart Watch Ladies Heart Rate Blood Pressure Multifunctional Sport Watch Men Woman Waterproof Smartwatch Women,"//aliexpress.ru/item/1005002278422141.html?pdp_ext_f=%7B%22sku_id%22:%2212000019883782452%22,%22ship_from%22:%22CN%22%7D&gps-id=5547572&scm=1007.19201.130907.0&scm_id=1007.19201.130907.0&scm-url=1007.19201.130907.0&pvid=3a349a18-4808-4b89-9427-391a19c919f0","{all:{pvid:3a349a18-4808-4b89-9427-391a19c919f0,scm-cnt:1007.19201.130907.0,gps-id:5547572},pvid:3a349a18-4808-4b89-9427-391a19c919f0,scm-cnt:1007.19201.130907.0,gps-id:5547572}",240395744,//ae01.alicdn.com/kf/H8cb73a8344f14b8f8fcfa275390c65cfg.jpg_350x350.jpg,US $129.95,US $22.09,1627110000,2203,1627282799,US $129.95,0.0,4.8,2203
1,US $124.95,1005001868460958,83,0,//aliexpress.ru/store/910456031?t_activity=1&t_cache=1&gps-id=5547572&scm=1007.19201.130907.0&scm_id=1007.19201.130907.0&scm-url=1007.19201.130907.0&pvid=3a349a18-4808-4b89-9427-391a19c919f0,1910088640,2021 Bluetooth Call watch Smart watch For men And women Full touch fitness tracker Blood pressure Smart clock ladies Smart watch,"//aliexpress.ru/item/1005001868460958.html?pdp_ext_f=%7B%22sku_id%22:%2212000017944283712%22,%22ship_from%22:%22RU%22%7D&gps-id=5547572&scm=1007.19201.130907.0&scm_id=1007.19201.130907.0&scm-url=1007.19201.130907.0&pvid=3a349a18-4808-4b89-9427-391a19c919f0","{all:{pvid:3a349a18-4808-4b89-9427-391a19c919f0,scm-cnt:1007.19201.130907.0,gps-id:5547572},pvid:3a349a18-4808-4b89-9427-391a19c919f0,scm-cnt:1007.19201.130907.0,gps-id:5547572}",240430303,//ae01.alicdn.com/kf/Hef6faa96e92142ca843273f6d28563b7r.jpg_350x350.jpg,US $124.95,US $21.24,1627023600,3446,1627196399,US $124.95,0.0,4.6,3446
1,US $309.96,1005001594026065,73,0,//aliexpress.ru/store/1683210?t_activity=1&t_cache=1&gps-id=5547572&scm=1007.19201.130907.0&scm_id=1007.19201.130907.0&scm-url=1007.19201.130907.0&pvid=3a349a18-4808-4b89-9427-391a19c919f0,1910230461,2020 NEW 42MM CADISEN OAK Men's Mechanical Watches Luxury Business Automatic Watch Men 100M Waterproof Clock NH35A Reloj Hombre,"//aliexpress.ru/item/1005001594026065.html?pdp_ext_f=%7B%22sku_id%22:%2212000021917202613%22,%22ship_from%22:%22CN%22%7D&gps-id=5547572&scm=1007.19201.130907.0&scm_id=1007.19201.130907.0&scm-url=1007.19201.130907.0&pvid=3a349a18-4808-4b89-9427-391a19c919f0","{all:{pvid:3a349a18-4808-4b89-9427-391a19c919f0,scm-cnt:1007.19201.130907.0,gps-id:5547572},pvid:3a349a18-4808-4b89-9427-391a19c919f0,scm-cnt:1007.19201.130907.0,gps-id:5547572}",222547356,//ae01.alicdn.com/kf/H22132faa2e9f44ca83f050b172195a9dg.jpg_350x350.jpg,US $309.96,US $83.69,1626678000,115,1627282799,US $309.96,0.0,4.9,115
1,US $139.99,4001263557674,81,0,//aliexpress.ru/store/1912021?t_activity=1&t_cache=1&gps-id=5547572&scm=1007.19201.130907.0&scm_id=1007.19201.130907.0&scm-url=1007.19201.130907.0&pvid=3a349a18-4808-4b89-9427-391a19c919f0,1910085648,AUSDOM AF640 Web Camera Full HD 1080P Autofocus For Video Conference Webcam With Microphone For PC,"//aliexpress.ru/item/4001263557674.html?pdp_ext_f=%7B%22sku_id%22:%2210000015546634066%22,%22ship_from%22:%22RU%22%7D&gps-id=5547572&scm=1007.19201.130907.0&scm_id=1007.19201.130907.0&scm-url=1007.19201.130907.0&pvid=3a349a18-4808-4b89-9427-391a19c919f0","{all:{pvid:3a349a18-4808-4b89-9427-391a19c919f0,scm-cnt:1007.19201.130907.0,gps-id:5547572},pvid:3a349a18-4808-4b89-9427-391a19c919f0,scm-cnt:1007.19201.130907.0,gps-id:5547572}",225230783,//ae01.alicdn.com/kf/H495b25ab1a3e48a990173517170028f0e.jpg_350x350.jpg,US $139.99,US $26.60,1627110000,813,1627282799,US $139.99,0.0,4.9,813
1,US $90.41,4000407127702,88,0,//aliexpress.ru/store/5362138?t_activity=1&t_cache=1&gps-id=5547572&scm=1007.19201.130907.0&scm_id=1007.19201.130907.0&scm-url=1007.19201.130907.0&pvid=3a349a18-4808-4b89-9427-391a19c919f0,1910230461,Non-Slip Acupressure Cushion Massage Mat Body Pain Spike Fitness Pilates Exercise Pillow Yoga Mat Gift Bag Applicator kuznetsov,"//aliexpress.ru/item/4000407127702.html?pdp_ext_f=%7B%22sku_id%22:%2210000005698335666%22,%22ship_from%22:%22RU%22%7D&gps-id=5547572&scm=1007.19201.130907.0&scm_id=1007.19201.130907.0&scm-url=1007.19201.130907.0&pvid=3a349a18-4808-4b89-9427-391a19c919f0","{all:{pvid:3a349a18-4808-4b89-9427-391a19c919f0,scm-cnt:1007.19201.130907.0,gps-id:5547572},pvid:3a349a18-4808-4b89-9427-391a19c919f0,scm-cnt:1007.19201.130907.0,gps-id:5547572}",239385312,//ae01.alicdn.com/kf/H0f1afce5282f4e74aac4c3a06619ed84s.jpg_350x350.jpg,US $90.41,US $10.56,1626678000,1632,1627282799,US $90.41,0.0,4.8,1632
1,US $77.98,4000394287497,84,0,//aliexpress.ru/store/5376171?t_activity=1&t_cache=1&gps-id=5547572&scm=1007.19201.130907.0&scm_id=1007.19201.130907.0&scm-url=1007.19201.130907.0&pvid=3a349a18-4808-4b89-9427-391a19c919f0,1909755445,Portable Folding Pet Tent Dog House Octagonal Cage For Cat Tent Playpen Puppy Kennel Easy Operation Fence Outdoor Big Dogs House,"//aliexpress.ru/item/4000394287497.html?pdp_ext_f=%7B%22sku_id%22:%2210000013524465294%22,%22ship_from%22:%22RU%22%7D&gps-id=5547572&scm=1007.19201.130907.0&scm_id=1007.19201.130907.0&scm-url=1007.19201.130907.0&pvid=3a349a18-4808-4b89-9427-391a19c919f0","{all:{pvid:3a349a18-4808-4b89-9427-391a19c919f0,scm-cnt:1007.19201.130907.0,gps-id:5547572},pvid:3a349a18-4808-4b89-9427-391a19c919f0,scm-cnt:1007.19201.130907.0,gps-id:5547572}",239484857,//ae01.alicdn.com/kf/H96b36d6790134eab9bf6a6f1d0c6e9f1F.jpg_350x350.jpg,US $77.98,US $12.48,1626678000,2837,1627282799,US $77.98,0.0,4.8,2837
1,US $599.95,1005002668583503,82,0,//aliexpress.ru/store/900234161?t_activity=1&t_cache=1&gps-id=5547572&scm=1007.19201.130907.0&scm_id=1007.19201.130907.0&scm-url=1007.19201.130907.0&pvid=3a349a18-4808-4b89-9427-391a19c919f0,1910230461,2021 Cadisen Automatic Watch Men Swimming Luxury Watch 40mm Stainless Steel Case Japan Miyota 8285 Movement Luxury Watches,"//aliexpress.ru/item/1005002668583503.html?pdp_ext_f=%7B%22sku_id%22:%2212000021629970225%22,%22ship_from%22:%22CN%22%7D&gps-id=5547572&scm=1007.19201.130907.0&scm_id=1007.19201.130907.0&scm-url=1007.19201.130907.0&pvid=3a349a18-4808-4b89-9427-391a19c919f0","{all:{pvid:3a349a18-4808-4b89-9427-391a19c919f0,scm-cnt:1007.19201.130907.0,gps-id:5547572},pvid:3a349a18-4808-4b89-9427-391a19c919f0,scm-cnt:1007.19201.130907.0,gps-id:5547572}",243757363,//ae01.alicdn.com/kf/H91792bc6d09b4280a67fd4d60ec9f040x.jpg_350x350.jpg,US $599.95,US $107.99,1626678000,39,1627282799,US $599.95,0.0,4.9,39
1,US $33.60,32857635153,65,0,//aliexpress.ru/store/2678055?t_activity=1&t_cache=1&gps-id=5547572&scm=1007.19201.130907.0&scm_id=1007.19201.130907.0&scm-url=1007.19201.130907.0&pvid=3a349a18-4808-4b89-9427-391a19c919f0,1910088640,Blanche Michelle 2021 Women Sunglasses Polarized UV400 Brand Designer High Quality Gradient Sun Glasses Female oculos With Box,"//aliexpress.ru/item/32857635153.html?pdp_ext_f=%7B%22sku_id%22:%2265316021676%22,%22ship_from%22:%22%22%7D&gps-id=5547572&scm=1007.19201.130907.0&scm_id=1007.19201.130907.0&scm-url=1007.19201.130907.0&pvid=3a349a18-4808-4b89-9427-391a19c919f0","{all:{pvid:3a349a18-4808-4b89-9427-391a19c919f0,scm-cnt:1007.19201.130907.0,gps-id:5547572},pvid:3a349a18-4808-4b89-9427-391a19c919f0,scm-cnt:1007.19201.130907.0,gps-id:5547572}",229314750,//ae01.alicdn.com/kf/Hc3e22792cf544ec6b3df898e9e975a2c8.jpg_350x350.jpg,US $33.60,US $11.76,1627023600,1263,1627196399,US $33.60,0.0,4.9,1263
1,US $279.90,1005002364223135,92,0,//aliexpress.ru/store/911052268?t_activity=1&t_cache=1&gps-id=5547572&scm=1007.19201.130907.0&scm_id=1007.19201.130907.0&scm-url=1007.19201.130907.0&pvid=5d483c3a-2591-4254-8909-afae48218380,1910230461,Square Men's Watch Chronograph WISHDOIT Brand Luxury Automatic Date Men's Watch Waterproof Men's Watch Relogio Masculino,"//aliexpress.ru/item/1005002364223135.html?pdp_ext_f=%7B%22sku_id%22:%2212000020329273615%22,%22ship_from%22:%22CN%22%7D&gps-id=5547572&scm=1007.19201.130907.0&scm_id=1007.19201.130907.0&scm-url=1007.19201.130907.0&pvid=5d483c3a-2591-4254-8909-afae48218380","{all:{pvid:5d483c3a-2591-4254-8909-afae48218380,scm-cnt:1007.19201.130907.0,gps-id:5547572},pvid:5d483c3a-2591-4254-8909-afae48218380,scm-cnt:1007.19201.130907.0,gps-id:5547572}",247936799,//ae01.alicdn.com/kf/Hb2782974a9414f119cdac712d7385b3dW.jpg_350x350.jpg,US $279.90,US $22.39,1626678000,56,1627282799,US $279.90,0.0,4.8,56
1,US $209.90,33011019044,91,0,//aliexpress.ru/store/4516088?t_activity=1&t_cache=1&gps-id=5547572&scm=1007.19201.130907.0&scm_id=1007.19201.130907.0&scm-url=1007.19201.130907.0&pvid=5d483c3a-2591-4254-8909-afae48218380,1910123654,LIGE New Fashion Mens Watches Top Brand Luxury Quartz Watch Men Mesh Steel  Waterproof Ultra-thin Wristwatch For Men Sport Clock,"//aliexpress.ru/item/33011019044.html?pdp_ext_f=%7B%22sku_id%22:%2267144188960%22,%22ship_from%22:%22%22%7D&gps-id=5547572&scm=1007.19201.130907.0&scm_id=1007.19201.130907.0&scm-url=1007.19201.130907.0&pvid=5d483c3a-2591-4254-8909-afae48218380","{all:{pvid:5d483c3a-2591-4254-8909-afae48218380,scm-cnt:1007.19201.130907.0,gps-id:5547572},pvid:5d483c3a-2591-4254-8909-afae48218380,scm-cnt:1007.19201.130907.0,gps-id:5547572}",234631229,//ae01.alicdn.com/kf/H575f6cff0a7a42a9a7011a884a16e4b24.jpg_350x350.jpg,US $209.90,US $18.89,1626678000,640,1627282799,US $209.90,0.0,4.8,640
1,US $7.67,1005001458123419,55,0,//aliexpress.ru/store/3885032?t_activity=1&t_cache=1&gps-id=5547572&scm=1007.19201.130907.0&scm_id=1007.19201.130907.0&scm-url=1007.19201.130907.0&pvid=5d483c3a-2591-4254-8909-afae48218380,1910088640,Queenral Plus Size Bra 3XL4XL Seamless Bras For Women Underwear BH Sexy Lace Brassiere Push Up Bralette With Pad Vest Top Bra,"//aliexpress.ru/item/1005001458123419.html?pdp_ext_f=%7B%22sku_id%22:%2212000016192970823%22,%22ship_from%22:%22%22%7D&gps-id=5547572&scm=1007.19201.130907.0&scm_id=1007.19201.130907.0&scm-url=1007.19201.130907.0&pvid=5d483c3a-2591-4254-8909-afae48218380","{all:{pvid:5d483c3a-2591-4254-8909-afae48218380,scm-cnt:1007.19201.130907.0,gps-id:5547572},pvid:5d483c3a-2591-4254-8909-afae48218380,scm-cnt:1007.19201.130907.0,gps-id:5547572}",232935016,//ae01.alicdn.com/kf/Hcc4282eec7d645568b26ba11b1ba7f95P.jpg_350x350.jpg,US $7.67,US $3.45,1627023600,32664,1627196399,US $7.67,0.0,4.6,32664
1,US $81.45,1005001685187606,84,0,//aliexpress.ru/store/5839127?t_activity=1&t_cache=1&gps-id=5547572&scm=1007.19201.130907.0&scm_id=1007.19201.130907.0&scm-url=1007.19201.130907.0&pvid=5d483c3a-2591-4254-8909-afae48218380,1910156613,Traditional Handmade Butcher Knives Forged Cleaver Knife 7Cr17 Hammer Made Kitchen Chef Knife Meat Fish Slicing Chopping Knife,"//aliexpress.ru/item/1005001685187606.html?pdp_ext_f=%7B%22sku_id%22:%2212000017129190435%22,%22ship_from%22:%22CN%22%7D&gps-id=5547572&scm=1007.19201.130907.0&scm_id=1007.19201.130907.0&scm-url=1007.19201.130907.0&pvid=5d483c3a-2591-4254-8909-afae48218380","{all:{pvid:5d483c3a-2591-4254-8909-afae48218380,scm-cnt:1007.19201.130907.0,gps-id:5547572},pvid:5d483c3a-2591-4254-8909-afae48218380,scm-cnt:1007.19201.130907.0,gps-id:5547572}",242406775,//ae01.alicdn.com/kf/Haac4bf5e1c72400791412a79913f8a51x.jpg_350x350.jpg,US $81.45,US $13.03,1626678000,88,1627282799,US $81.45,0.0,4.9,88
1,US $93.00,1005002055387677,50,0,//aliexpress.ru/store/1190338?t_activity=1&t_cache=1&gps-id=5547572&scm=1007.19201.130907.0&scm_id=1007.19201.130907.0&scm-url=1007.19201.130907.0&pvid=5d483c3a-2591-4254-8909-afae48218380,1910095614,Ombre Blonde Human Hair Wigs For Women Straight 4T613 Brazilian Remy Hair 613 Lace Front Wig Transparent Lace Wigs Pre Plucked,"//aliexpress.ru/item/1005002055387677.html?pdp_ext_f=%7B%22sku_id%22:%2212000018577664901%22,%22ship_from%22:%22FR%22%7D&gps-id=5547572&scm=1007.19201.130907.0&scm_id=1007.19201.130907.0&scm-url=1007.19201.130907.0&pvid=5d483c3a-2591-4254-8909-afae48218380","{all:{pvid:5d483c3a-2591-4254-8909-afae48218380,scm-cnt:1007.19201.130907.0,gps-id:5547572},pvid:5d483c3a-2591-4254-8909-afae48218380,scm-cnt:1007.19201.130907.0,gps-id:5547572}",220927870,//ae01.alicdn.com/kf/Hc6a0c72ba1ac4065a62fe383e480e087R.jpg_350x350.jpg,US $93.00,US $46.50,1627110000,1211,1627282799,US $93.00,0.0,4.6,1211
1,US $164.95,1005001672112988,83,0,//aliexpress.ru/store/910456031?t_activity=1&t_cache=1&gps-id=5547572&scm=1007.19201.130907.0&scm_id=1007.19201.130907.0&scm-url=1007.19201.130907.0&pvid=5d483c3a-2591-4254-8909-afae48218380,1910095614,LIGE New Men Smart watch Heart rate Blood pressure IP68 waterproof sports Fitness watch Luxury Smart watch male for iOS Android,"//aliexpress.ru/item/1005001672112988.html?pdp_ext_f=%7B%22sku_id%22:%2212000017074915477%22,%22ship_from%22:%22RU%22%7D&gps-id=5547572&scm=1007.19201.130907.0&scm_id=1007.19201.130907.0&scm-url=1007.19201.130907.0&pvid=5d483c3a-2591-4254-8909-afae48218380","{all:{pvid:5d483c3a-2591-4254-8909-afae48218380,scm-cnt:1007.19201.130907.0,gps-id:5547572},pvid:5d483c3a-2591-4254-8909-afae48218380,scm-cnt:1007.19201.130907.0,gps-id:5547572}",240430303,//ae01.alicdn.com/kf/Hb22f9c788e994fedb935620f66507dfdC.jpg_350x350.jpg,US $164.95,US $28.04,1627110000,2483,1627282799,US $164.95,0.0,4.6,2483
1,US $45.00,1005001628994666,53,0,//aliexpress.ru/store/5734012?t_activity=1&t_cache=1&gps-id=5547572&scm=1007.19201.130907.0&scm_id=1007.19201.130907.0&scm-url=1007.19201.130907.0&pvid=5d483c3a-2591-4254-8909-afae48218380,1910088640,Cargo Pants Women Black Faux Leather Pants High Waist Pants Pockets Fashion Sexy Straight Trousers Streetwear,"//aliexpress.ru/item/1005001628994666.html?pdp_ext_f=%7B%22sku_id%22:%2212000016888835928%22,%22ship_from%22:%22%22%7D&gps-id=5547572&scm=1007.19201.130907.0&scm_id=1007.19201.130907.0&scm-url=1007.19201.130907.0&pvid=5d483c3a-2591-4254-8909-afae48218380","{all:{pvid:5d483c3a-2591-4254-8909-afae48218380,scm-cnt:1007.19201.130907.0,gps-id:5547572},pvid:5d483c3a-2591-4254-8909-afae48218380,scm-cnt:1007.19201.130907.0,gps-id:5547572}",235645781,//ae01.alicdn.com/kf/H63b7e271f88c4c0db13a9a9c0fb1a58br.jpg_350x350.jpg,US $45.00,US $21.15,1627023600,1375,1627196399,US $45.00,0.0,4.7,1375
1,US $184.95,1005002328712296,83,0,//aliexpress.ru/store/911599296?t_activity=1&t_cache=1&gps-id=5547572&scm=1007.19201.130907.0&scm_id=1007.19201.130907.0&scm-url=1007.19201.130907.0&pvid=5d483c3a-2591-4254-8909-afae48218380,1910095614,LIGE New Smart watch Men Heart rate Blood pressure Full touch screen sports Fitness watch Bluetooth for Android iOS smart watch,"//aliexpress.ru/item/1005002328712296.html?pdp_ext_f=%7B%22sku_id%22:%2212000020109396677%22,%22ship_from%22:%22ES%22%7D&gps-id=5547572&scm=1007.19201.130907.0&scm_id=1007.19201.130907.0&scm-url=1007.19201.130907.0&pvid=5d483c3a-2591-4254-8909-afae48218380","{all:{pvid:5d483c3a-2591-4254-8909-afae48218380,scm-cnt:1007.19201.130907.0,gps-id:5547572},pvid:5d483c3a-2591-4254-8909-afae48218380,scm-cnt:1007.19201.130907.0,gps-id:5547572}",248285832,//ae01.alicdn.com/kf/Hd85209cf0bb64c88986694a964f25a55J.jpg_350x350.jpg,US $184.95,US $31.44,1627110000,1699,1627282799,US $184.95,0.0,4.8,1699
1,US $83.55,4000902967396,86,0,//aliexpress.ru/store/3732027?t_activity=1&t_cache=1&gps-id=5547572&scm=1007.19201.130907.0&scm_id=1007.19201.130907.0&scm-url=1007.19201.130907.0&pvid=5d483c3a-2591-4254-8909-afae48218380,1910156613,8In1Multifunctional Vegetable Cutter Potato Slicer Carrot Grater Kitchen Accessories Gadgets Steel Blade Kitchen Tool овощерезка,"//aliexpress.ru/item/4000902967396.html?pdp_ext_f=%7B%22sku_id%22:%2210000010479058772%22,%22ship_from%22:%22RU%22%7D&gps-id=5547572&scm=1007.19201.130907.0&scm_id=1007.19201.130907.0&scm-url=1007.19201.130907.0&pvid=5d483c3a-2591-4254-8909-afae48218380","{all:{pvid:5d483c3a-2591-4254-8909-afae48218380,scm-cnt:1007.19201.130907.0,gps-id:5547572},pvid:5d483c3a-2591-4254-8909-afae48218380,scm-cnt:1007.19201.130907.0,gps-id:5547572}",232794423,//ae01.alicdn.com/kf/H902d58908c1d408e899b33d499cd16a7j.jpg_350x350.jpg,US $83.55,US $11.20,1626678000,2559,1627282799,US $83.55,0.0,4.9,2559
1,US $60.00,4000837761152,83,0,//aliexpress.ru/store/1799820?t_activity=1&t_cache=1&gps-id=5547572&scm=1007.19201.130907.0&scm_id=1007.19201.130907.0&scm-url=1007.19201.130907.0&pvid=5d483c3a-2591-4254-8909-afae48218380,1910123654,Getspring Women Crop Top For Lady Sexy Top Summer Off Shoulder Short Clothing Black White Knitting Top Woman 2020 New Fashion ,"//aliexpress.ru/item/4000837761152.html?pdp_ext_f=%7B%22sku_id%22:%2212000019975490853%22,%22ship_from%22:%22%22%7D&gps-id=5547572&scm=1007.19201.130907.0&scm_id=1007.19201.130907.0&scm-url=1007.19201.130907.0&pvid=5d483c3a-2591-4254-8909-afae48218380","{all:{pvid:5d483c3a-2591-4254-8909-afae48218380,scm-cnt:1007.19201.130907.0,gps-id:5547572},pvid:5d483c3a-2591-4254-8909-afae48218380,scm-cnt:1007.19201.130907.0,gps-id:5547572}",224214684,//ae01.alicdn.com/kf/Hfaf8b70411d14828a70ccf2ac0a0072cA.jpg_350x350.jpg,US $60.00,US $10.20,1626678000,713,1627282799,US $60.00,0.0,4.8,713
1,US $232.70,4001112126202,91,0,//aliexpress.ru/store/1892432?t_activity=1&t_cache=1&gps-id=5547572&scm=1007.19201.130907.0&scm_id=1007.19201.130907.0&scm-url=1007.19201.130907.0&pvid=36c4390d-a9b8-4799-9cdc-1f8d914e8719,1910230461,LIGE New Classic Black Mens Watches Top Brand Luxury Watch For Man Military Silicone Waterproof Quartz Clock Relogio Masculino,"//aliexpress.ru/item/4001112126202.html?pdp_ext_f=%7B%22sku_id%22:%2210000014448617471%22,%22ship_from%22:%22%22%7D&gps-id=5547572&scm=1007.19201.130907.0&scm_id=1007.19201.130907.0&scm-url=1007.19201.130907.0&pvid=36c4390d-a9b8-4799-9cdc-1f8d914e8719","{all:{pvid:36c4390d-a9b8-4799-9cdc-1f8d914e8719,scm-cnt:1007.19201.130907.0,gps-id:5547572},pvid:36c4390d-a9b8-4799-9cdc-1f8d914e8719,scm-cnt:1007.19201.130907.0,gps-id:5547572}",223245478,//ae01.alicdn.com/kf/Hbfea7eb62be040fe8a13ab6805a9effeL.jpg_350x350.jpg,US $232.70,US $20.94,1626678000,333,1627282799,US $232.70,0.0,4.8,333
1,US $239.90,32991961081,91,0,//aliexpress.ru/store/324105?t_activity=1&t_cache=1&gps-id=5547572&scm=1007.19201.130907.0&scm_id=1007.19201.130907.0&scm-url=1007.19201.130907.0&pvid=36c4390d-a9b8-4799-9cdc-1f8d914e8719,1910230461,CURREN Luxury Brand Men Analog Leather Sports Watches Men's Army Military Watch Male Date Quartz Clock Relogio Masculino 2021,"//aliexpress.ru/item/32991961081.html?pdp_ext_f=%7B%22sku_id%22:%2212000019447836674%22,%22ship_from%22:%22RU%22%7D&gps-id=5547572&scm=1007.19201.130907.0&scm_id=1007.19201.130907.0&scm-url=1007.19201.130907.0&pvid=36c4390d-a9b8-4799-9cdc-1f8d914e8719","{all:{pvid:36c4390d-a9b8-4799-9cdc-1f8d914e8719,scm-cnt:1007.19201.130907.0,gps-id:5547572},pvid:36c4390d-a9b8-4799-9cdc-1f8d914e8719,scm-cnt:1007.19201.130907.0,gps-id:5547572}",201652940,//ae01.alicdn.com/kf/HTB1eSiFNCzqK1RjSZFLq6An2XXa5.jpg_350x350.jpg,US $239.90,US $21.59,1626678000,538,1627282799,US $239.90,0.0,4.8,538
1,US $85.99,4001338378832,78,0,//aliexpress.ru/store/2221046?t_activity=1&t_cache=1&gps-id=5547572&scm=1007.19201.130907.0&scm_id=1007.19201.130907.0&scm-url=1007.19201.130907.0&pvid=36c4390d-a9b8-4799-9cdc-1f8d914e8719,1910088640,Mixcder HD901 Wireless Headphones Bluetooth 5.0 TF Card Free Control 40MM Drivers Headset with Microphone for Sports People,"//aliexpress.ru/item/4001338378832.html?pdp_ext_f=%7B%22sku_id%22:%2210000015732831351%22,%22ship_from%22:%22US%22%7D&gps-id=5547572&scm=1007.19201.130907.0&scm_id=1007.19201.130907.0&scm-url=1007.19201.130907.0&pvid=36c4390d-a9b8-4799-9cdc-1f8d914e8719","{all:{pvid:36c4390d-a9b8-4799-9cdc-1f8d914e8719,scm-cnt:1007.19201.130907.0,gps-id:5547572},pvid:36c4390d-a9b8-4799-9cdc-1f8d914e8719,scm-cnt:1007.19201.130907.0,gps-id:5547572}",228394984,//ae01.alicdn.com/kf/Hf6ee6a17b8734691b1a0f5b658005187P.jpg_350x350.jpg,US $85.99,US $18.92,1627023600,2900,1627196399,US $85.99,0.0,4.7,2900
1,US $94.95,1005002747956111,83,0,//aliexpress.ru/store/1488658?t_activity=1&t_cache=1&gps-id=5547572&scm=1007.19201.130907.0&scm_id=1007.19201.130907.0&scm-url=1007.19201.130907.0&pvid=36c4390d-a9b8-4799-9cdc-1f8d914e8719,1910123654,SUNKTA New Rose Gold Wine Red Luxury Quartz Women  Watch Waterproof Leather Watches Ladies Watches Clock Relogio Feminino+Box,"//aliexpress.ru/item/1005002747956111.html?pdp_ext_f=%7B%22sku_id%22:%2212000022126154718%22,%22ship_from%22:%22%22%7D&gps-id=5547572&scm=1007.19201.130907.0&scm_id=1007.19201.130907.0&scm-url=1007.19201.130907.0&pvid=36c4390d-a9b8-4799-9cdc-1f8d914e8719","{all:{pvid:36c4390d-a9b8-4799-9cdc-1f8d914e8719,scm-cnt:1007.19201.130907.0,gps-id:5547572},pvid:36c4390d-a9b8-4799-9cdc-1f8d914e8719,scm-cnt:1007.19201.130907.0,gps-id:5547572}",221595207,//ae01.alicdn.com/kf/H4549f27fd7e140678b02ce038f92446b4.jpg_350x350.jpg,US $94.95,US $16.14,1626678000,116,1627282799,US $94.95,0.0,5.0,116
1,US $449.95,1005002035239882,83,0,//aliexpress.ru/store/529025?t_activity=1&t_cache=1&gps-id=5547572&scm=1007.19201.130907.0&scm_id=1007.19201.130907.0&scm-url=1007.19201.130907.0&pvid=36c4390d-a9b8-4799-9cdc-1f8d914e8719,1910230461,PAGANI DESIGN Watch Luxury Sapphire Mechanical Wristwatch Top Brand Automatic Watch Stainless Steel Waterproof 100M Men Watches,"//aliexpress.ru/item/1005002035239882.html?pdp_ext_f=%7B%22sku_id%22:%2212000023188663339%22,%22ship_from%22:%22US%22%7D&gps-id=5547572&scm=1007.19201.130907.0&scm_id=1007.19201.130907.0&scm-url=1007.19201.130907.0&pvid=36c4390d-a9b8-4799-9cdc-1f8d914e8719","{all:{pvid:36c4390d-a9b8-4799-9cdc-1f8d914e8719,scm-cnt:1007.19201.130907.0,gps-id:5547572},pvid:36c4390d-a9b8-4799-9cdc-1f8d914e8719,scm-cnt:1007.19201.130907.0,gps-id:5547572}",202884181,//ae01.alicdn.com/kf/Hce2255ab85ee47c196c57b41233b88596.jpg_350x350.jpg,US $449.95,US $76.49,1626678000,35,1627282799,US $449.95,0.0,4.8,35
1,US $498.99,4001289310147,83,0,//aliexpress.ru/store/900235101?t_activity=1&t_cache=1&gps-id=5547572&scm=1007.19201.130907.0&scm_id=1007.19201.130907.0&scm-url=1007.19201.130907.0&pvid=36c4390d-a9b8-4799-9cdc-1f8d914e8719,1910156613,"Zhoutu Planetary Mixer,Stand Mixer with Stainless Steel Bowl Electric Food Mixer Kitchen Appliances Dough Food Processor Machine","//aliexpress.ru/item/4001289310147.html?pdp_ext_f=%7B%22sku_id%22:%2212000021384941868%22,%22ship_from%22:%22PL%22%7D&gps-id=5547572&scm=1007.19201.130907.0&scm_id=1007.19201.130907.0&scm-url=1007.19201.130907.0&pvid=36c4390d-a9b8-4799-9cdc-1f8d914e8719","{all:{pvid:36c4390d-a9b8-4799-9cdc-1f8d914e8719,scm-cnt:1007.19201.130907.0,gps-id:5547572},pvid:36c4390d-a9b8-4799-9cdc-1f8d914e8719,scm-cnt:1007.19201.130907.0,gps-id:5547572}",243803653,//ae01.alicdn.com/kf/H3e496c05685440a4af8adcd56168e44cA.jpg_350x350.jpg,US $498.99,US $84.83,1626678000,85,1627282799,US $498.99,0.0,4.6,85
1,US $124.95,1005001763085231,82,0,//aliexpress.ru/store/5589012?t_activity=1&t_cache=1&gps-id=5547572&scm=1007.19201.130907.0&scm_id=1007.19201.130907.0&scm-url=1007.19201.130907.0&pvid=36c4390d-a9b8-4799-9cdc-1f8d914e8719,1910095614,LIGE New Men Smart Watch Wristband Men Women Sport Clock Heart Rate Monitor Sleep Monitor Bluetooth Call Smartwatch for phone,"//aliexpress.ru/item/1005001763085231.html?pdp_ext_f=%7B%22sku_id%22:%2212000020723378557%22,%22ship_from%22:%22ES%22%7D&gps-id=5547572&scm=1007.19201.130907.0&scm_id=1007.19201.130907.0&scm-url=1007.19201.130907.0&pvid=36c4390d-a9b8-4799-9cdc-1f8d914e8719","{all:{pvid:36c4390d-a9b8-4799-9cdc-1f8d914e8719,scm-cnt:1007.19201.130907.0,gps-id:5547572},pvid:36c4390d-a9b8-4799-9cdc-1f8d914e8719,scm-cnt:1007.19201.130907.0,gps-id:5547572}",240107904,//ae01.alicdn.com/kf/Hc1da4b6f860c42e9867bfb52119a0f86H.jpg_350x350.jpg,US $124.95,US $22.49,1627110000,3302,1627282799,US $124.95,0.0,4.6,3302
1,US $114.95,1005001922775555,82,0,//aliexpress.ru/store/2780176?t_activity=1&t_cache=1&gps-id=5547572&scm=1007.19201.130907.0&scm_id=1007.19201.130907.0&scm-url=1007.19201.130907.0&pvid=36c4390d-a9b8-4799-9cdc-1f8d914e8719,1910095614,MISSFOX Women's Watches Snake Shape Luxury Wrist Watch For Women Steel Unique Gold Quartz Ladies Watch Clock Relogio Feminino,"//aliexpress.ru/item/1005001922775555.html?pdp_ext_f=%7B%22sku_id%22:%2212000018121583696%22,%22ship_from%22:%22CN%22%7D&gps-id=5547572&scm=1007.19201.130907.0&scm_id=1007.19201.130907.0&scm-url=1007.19201.130907.0&pvid=36c4390d-a9b8-4799-9cdc-1f8d914e8719","{all:{pvid:36c4390d-a9b8-4799-9cdc-1f8d914e8719,scm-cnt:1007.19201.130907.0,gps-id:5547572},pvid:36c4390d-a9b8-4799-9cdc-1f8d914e8719,scm-cnt:1007.19201.130907.0,gps-id:5547572}",229890389,//ae01.alicdn.com/kf/Hbde347298b8f43d692ca47cc396ad994o.jpg_350x350.jpg,US $114.95,US $20.69,1627110000,794,1627282799,US $114.95,0.0,4.9,794
1,US $149.95,1005002245548512,82,0,//aliexpress.ru/store/911386062?t_activity=1&t_cache=1&gps-id=5547572&scm=1007.19201.130907.0&scm_id=1007.19201.130907.0&scm-url=1007.19201.130907.0&pvid=36c4390d-a9b8-4799-9cdc-1f8d914e8719,1910084697,GEJIAN Bluetooth Call Smart Watch Men Women Smartwatch ECG Fitness Tracker Waterproof 1.69 inch touch screen For Android iOS+Box,"//aliexpress.ru/item/1005002245548512.html?pdp_ext_f=%7B%22sku_id%22:%2212000019584091247%22,%22ship_from%22:%22CN%22%7D&gps-id=5547572&scm=1007.19201.130907.0&scm_id=1007.19201.130907.0&scm-url=1007.19201.130907.0&pvid=36c4390d-a9b8-4799-9cdc-1f8d914e8719","{all:{pvid:36c4390d-a9b8-4799-9cdc-1f8d914e8719,scm-cnt:1007.19201.130907.0,gps-id:5547572},pvid:36c4390d-a9b8-4799-9cdc-1f8d914e8719,scm-cnt:1007.19201.130907.0,gps-id:5547572}",249388666,//ae01.alicdn.com/kf/H9f966900ec7344479774e46e2c7eb57ev.jpg_350x350.jpg,US $149.95,US $26.99,1627023600,988,1627196399,US $149.95,0.0,4.8,988
1,US $32.00,32967104376,82,0,//aliexpress.ru/store/836958?t_activity=1&t_cache=1&gps-id=5547572&scm=1007.19201.130907.0&scm_id=1007.19201.130907.0&scm-url=1007.19201.130907.0&pvid=36c4390d-a9b8-4799-9cdc-1f8d914e8719,1910086618,DBS blyth doll icy toy ears clay toy white natural tan dark and super black skin only ears no doll,"//aliexpress.ru/item/32967104376.html?pdp_ext_f=%7B%22sku_id%22:%2266660412191%22,%22ship_from%22:%22%22%7D&gps-id=5547572&scm=1007.19201.130907.0&scm_id=1007.19201.130907.0&scm-url=1007.19201.130907.0&pvid=36c4390d-a9b8-4799-9cdc-1f8d914e8719","{all:{pvid:36c4390d-a9b8-4799-9cdc-1f8d914e8719,scm-cnt:1007.19201.130907.0,gps-id:5547572},pvid:36c4390d-a9b8-4799-9cdc-1f8d914e8719,scm-cnt:1007.19201.130907.0,gps-id:5547572}",220064013,//ae01.alicdn.com/kf/H117cda31965b40a8afcea00fa60fd0398.jpg_350x350.jpg,US $32.00,US $5.76,1627023600,220,1627282799,US $32.00,0.0,5.0,220
1,US $229.90,1005002254993528,91,0,//aliexpress.ru/store/3598014?t_activity=1&t_cache=1&gps-id=5547572&scm=1007.19201.130907.0&scm_id=1007.19201.130907.0&scm-url=1007.19201.130907.0&pvid=28bb417f-c1f2-4090-89b1-5fb5fd8a5d84,1910088640,CURREN Fashion Sport Gold Men's Digital Watches with Stainless Steel Chronograph Luminou Wristwatch LED Male Wrist Watch For Men,"//aliexpress.ru/item/1005002254993528.html?pdp_ext_f=%7B%22sku_id%22:%2212000019667716045%22,%22ship_from%22:%22%22%7D&gps-id=5547572&scm=1007.19201.130907.0&scm_id=1007.19201.130907.0&scm-url=1007.19201.130907.0&pvid=28bb417f-c1f2-4090-89b1-5fb5fd8a5d84","{all:{pvid:28bb417f-c1f2-4090-89b1-5fb5fd8a5d84,scm-cnt:1007.19201.130907.0,gps-id:5547572},pvid:28bb417f-c1f2-4090-89b1-5fb5fd8a5d84,scm-cnt:1007.19201.130907.0,gps-id:5547572}",232071719,//ae01.alicdn.com/kf/H2afb83afe48c489c8311e640e7793dcaG.jpg_350x350.jpg,US $229.90,US $20.69,1627023600,805,1627196399,US $229.90,0.0,4.8,805
1,US $149.90,4000569710751,91,0,//aliexpress.ru/store/4663062?t_activity=1&t_cache=1&gps-id=5547572&scm=1007.19201.130907.0&scm_id=1007.19201.130907.0&scm-url=1007.19201.130907.0&pvid=28bb417f-c1f2-4090-89b1-5fb5fd8a5d84,1910123654,2021LIGE New Silicone Watches Mens Casual Fashion Sport Waterproof Clock Top Brand Luxury Quartz Men Watch Relogio Masculino+Box,"//aliexpress.ru/item/4000569710751.html?pdp_ext_f=%7B%22sku_id%22:%2210000003070827182%22,%22ship_from%22:%22%22%7D&gps-id=5547572&scm=1007.19201.130907.0&scm_id=1007.19201.130907.0&scm-url=1007.19201.130907.0&pvid=28bb417f-c1f2-4090-89b1-5fb5fd8a5d84","{all:{pvid:28bb417f-c1f2-4090-89b1-5fb5fd8a5d84,scm-cnt:1007.19201.130907.0,gps-id:5547572},pvid:28bb417f-c1f2-4090-89b1-5fb5fd8a5d84,scm-cnt:1007.19201.130907.0,gps-id:5547572}",234648111,//ae01.alicdn.com/kf/Hcfe0c324051142aea79620d14fb8386fj.jpg_350x350.jpg,US $149.90,US $13.49,1626678000,527,1627282799,US $149.90,0.0,4.8,527
1,US $64.27,32826585055,82,0,//aliexpress.ru/store/716122?t_activity=1&t_cache=1&gps-id=5547572&scm=1007.19201.130907.0&scm_id=1007.19201.130907.0&scm-url=1007.19201.130907.0&pvid=28bb417f-c1f2-4090-89b1-5fb5fd8a5d84,1910230461,2021 High Bright Power XHP50.2 LED Flashlight Xlamp Aluminum Hunting L2 Waterproof Torch Light Powerful Lanterna By 18650 26650,"//aliexpress.ru/item/32826585055.html?pdp_ext_f=%7B%22sku_id%22:%2210000000910847698%22,%22ship_from%22:%22RU%22%7D&gps-id=5547572&scm=1007.19201.130907.0&scm_id=1007.19201.130907.0&scm-url=1007.19201.130907.0&pvid=28bb417f-c1f2-4090-89b1-5fb5fd8a5d84","{all:{pvid:28bb417f-c1f2-4090-89b1-5fb5fd8a5d84,scm-cnt:1007.19201.130907.0,gps-id:5547572},pvid:28bb417f-c1f2-4090-89b1-5fb5fd8a5d84,scm-cnt:1007.19201.130907.0,gps-id:5547572}",202099644,//ae01.alicdn.com/kf/HTB1HHwFeRGw3KVjSZFDq6xWEpXaW.jpg_350x350.jpg,US $64.27,US $11.57,1626678000,1775,1627282799,US $64.27,0.0,4.7,1775
1,US $154.95,1005002282274704,82,0,//aliexpress.ru/store/911645003?t_activity=1&t_cache=1&gps-id=5547572&scm=1007.19201.130907.0&scm_id=1007.19201.130907.0&scm-url=1007.19201.130907.0&pvid=28bb417f-c1f2-4090-89b1-5fb5fd8a5d84,1910230461,2021 New Fashion Smartwatch Bluetooth Call Sport Men's Watch Heart Rate Monitoring Music Control Luxury Smart Watch for men+Gift,"//aliexpress.ru/item/1005002282274704.html?pdp_ext_f=%7B%22sku_id%22:%2212000019907341397%22,%22ship_from%22:%22CN%22%7D&gps-id=5547572&scm=1007.19201.130907.0&scm_id=1007.19201.130907.0&scm-url=1007.19201.130907.0&pvid=28bb417f-c1f2-4090-89b1-5fb5fd8a5d84","{all:{pvid:28bb417f-c1f2-4090-89b1-5fb5fd8a5d84,scm-cnt:1007.19201.130907.0,gps-id:5547572},pvid:28bb417f-c1f2-4090-89b1-5fb5fd8a5d84,scm-cnt:1007.19201.130907.0,gps-id:5547572}",250880542,//ae01.alicdn.com/kf/Hbe3301f7dd8643e8abcc86d673b0e9ecq.jpg_350x350.jpg,US $154.95,US $27.89,1626678000,875,1627282799,US $154.95,0.0,4.8,875
1,US $9.98,1005002346375358,90,0,//aliexpress.ru/store/5781388?t_activity=1&t_cache=1&gps-id=5547572&scm=1007.19201.130907.0&scm_id=1007.19201.130907.0&scm-url=1007.19201.130907.0&pvid=28bb417f-c1f2-4090-89b1-5fb5fd8a5d84,1910230461,D'ORELLA 1 Pair(2pcs) Pure Color Cateye Cosplay Colorful Contact Lenses Halloween Contact Lens Crazy Lens Eye Color,"//aliexpress.ru/item/1005002346375358.html?pdp_ext_f=%7B%22sku_id%22:%2212000020206978514%22,%22ship_from%22:%22CN%22%7D&gps-id=5547572&scm=1007.19201.130907.0&scm_id=1007.19201.130907.0&scm-url=1007.19201.130907.0&pvid=28bb417f-c1f2-4090-89b1-5fb5fd8a5d84","{all:{pvid:28bb417f-c1f2-4090-89b1-5fb5fd8a5d84,scm-cnt:1007.19201.130907.0,gps-id:5547572},pvid:28bb417f-c1f2-4090-89b1-5fb5fd8a5d84,scm-cnt:1007.19201.130907.0,gps-id:5547572}",241619429,//ae01.alicdn.com/kf/H8ad79eb36c30459c813168227ba70bd7V.jpg_350x350.jpg,US $9.98,US $0.99,1626678000,113,1627282799,US $9.98,0.0,5.0,113
1,US $4.96,1005002352697382,82,0,//aliexpress.ru/store/3093088?t_activity=1&t_cache=1&gps-id=5547572&scm=1007.19201.130907.0&scm_id=1007.19201.130907.0&scm-url=1007.19201.130907.0&pvid=28bb417f-c1f2-4090-89b1-5fb5fd8a5d84,1910123654,Super Glitter Crystal Nail Art Rhinestones SS3 SS4 SS5 SS6 Flatback Clear Non Hot Fix Rhinestones Glue On Nail Art Decorations,"//aliexpress.ru/item/1005002352697382.html?pdp_ext_f=%7B%22sku_id%22:%2212000020246416886%22,%22ship_from%22:%22%22%7D&gps-id=5547572&scm=1007.19201.130907.0&scm_id=1007.19201.130907.0&scm-url=1007.19201.130907.0&pvid=28bb417f-c1f2-4090-89b1-5fb5fd8a5d84","{all:{pvid:28bb417f-c1f2-4090-89b1-5fb5fd8a5d84,scm-cnt:1007.19201.130907.0,gps-id:5547572},pvid:28bb417f-c1f2-4090-89b1-5fb5fd8a5d84,scm-cnt:1007.19201.130907.0,gps-id:5547572}",230875360,//ae01.alicdn.com/kf/H3b0c808b5b4b4e8787d75812c7172bc3V.jpg_350x350.jpg,US $4.96,US $0.89,1626678000,644,1627282799,US $4.96,0.0,5.0,644
1,US $449.95,4001131011440,82,0,//aliexpress.ru/store/2992062?t_activity=1&t_cache=1&gps-id=5547572&scm=1007.19201.130907.0&scm_id=1007.19201.130907.0&scm-url=1007.19201.130907.0&pvid=28bb417f-c1f2-4090-89b1-5fb5fd8a5d84,1910230461,PAGANI Design 2020 Men Watch Luxury Automatic Mechanical Wrist Watch Men Stainless Steel 100m Waterproof Watch Relogio Masculino,"//aliexpress.ru/item/4001131011440.html?pdp_ext_f=%7B%22sku_id%22:%2212000016951773796%22,%22ship_from%22:%22PL%22%7D&gps-id=5547572&scm=1007.19201.130907.0&scm_id=1007.19201.130907.0&scm-url=1007.19201.130907.0&pvid=28bb417f-c1f2-4090-89b1-5fb5fd8a5d84","{all:{pvid:28bb417f-c1f2-4090-89b1-5fb5fd8a5d84,scm-cnt:1007.19201.130907.0,gps-id:5547572},pvid:28bb417f-c1f2-4090-89b1-5fb5fd8a5d84,scm-cnt:1007.19201.130907.0,gps-id:5547572}",230595558,//ae01.alicdn.com/kf/H5a82ddae27624b4cae37a7a5cedaec73O.jpg_350x350.jpg,US $449.95,US $80.99,1626678000,88,1627282799,US $449.95,0.0,4.7,88
1,US $139.99,4001068681739,79,0,//aliexpress.ru/store/1912021?t_activity=1&t_cache=1&gps-id=5547572&scm=1007.19201.130907.0&scm_id=1007.19201.130907.0&scm-url=1007.19201.130907.0&pvid=28bb417f-c1f2-4090-89b1-5fb5fd8a5d84,1910088640,AUSDOM AF640 Full HD 1080P Webcam Auto Focus with Noise Cancelling Microphone Web Camera For Windows Mac,"//aliexpress.ru/item/4001068681739.html?pdp_ext_f=%7B%22sku_id%22:%2210000015457439971%22,%22ship_from%22:%22FR%22%7D&gps-id=5547572&scm=1007.19201.130907.0&scm_id=1007.19201.130907.0&scm-url=1007.19201.130907.0&pvid=28bb417f-c1f2-4090-89b1-5fb5fd8a5d84","{all:{pvid:28bb417f-c1f2-4090-89b1-5fb5fd8a5d84,scm-cnt:1007.19201.130907.0,gps-id:5547572},pvid:28bb417f-c1f2-4090-89b1-5fb5fd8a5d84,scm-cnt:1007.19201.130907.0,gps-id:5547572}",225230783,//ae01.alicdn.com/kf/Had8fd10dc04644b596c815f8e7bc192fD.jpg_350x350.jpg,US $139.99,US $29.40,1627023600,682,1627196399,US $139.99,0.0,4.8,682
1,US $449.95,1005002040497116,82,0,//aliexpress.ru/store/2992062?t_activity=1&t_cache=1&gps-id=5547572&scm=1007.19201.130907.0&scm_id=1007.19201.130907.0&scm-url=1007.19201.130907.0&pvid=28bb417f-c1f2-4090-89b1-5fb5fd8a5d84,1910230461,PAGANI DESIGN 2021 New Sapphire Men's Automatic Mechanical Watch Men's Watch Japan NH35 Stainless Steel Clock Reloj Hombre,"//aliexpress.ru/item/1005002040497116.html?pdp_ext_f=%7B%22sku_id%22:%2212000020555977055%22,%22ship_from%22:%22CN%22%7D&gps-id=5547572&scm=1007.19201.130907.0&scm_id=1007.19201.130907.0&scm-url=1007.19201.130907.0&pvid=28bb417f-c1f2-4090-89b1-5fb5fd8a5d84","{all:{pvid:28bb417f-c1f2-4090-89b1-5fb5fd8a5d84,scm-cnt:1007.19201.130907.0,gps-id:5547572},pvid:28bb417f-c1f2-4090-89b1-5fb5fd8a5d84,scm-cnt:1007.19201.130907.0,gps-id:5547572}",230595558,//ae01.alicdn.com/kf/H9c1adb8ed52a418db5e28502e4534360I.jpg_350x350.jpg,US $449.95,US $80.99,1626678000,57,1627282799,US $449.95,0.0,4.8,57
1,US $88.96,32957054858,82,0,//aliexpress.ru/store/2780176?t_activity=1&t_cache=1&gps-id=5547572&scm=1007.19201.130907.0&scm_id=1007.19201.130907.0&scm-url=1007.19201.130907.0&pvid=28bb417f-c1f2-4090-89b1-5fb5fd8a5d84,1910123654,Top Selling Product In 2018 Stainless Steel Bracelet Gold Diamond Gifts For Women Minimalist Designer Brand Luxury Women Watches,"//aliexpress.ru/item/32957054858.html?pdp_ext_f=%7B%22sku_id%22:%2266399446409%22,%22ship_from%22:%22%22%7D&gps-id=5547572&scm=1007.19201.130907.0&scm_id=1007.19201.130907.0&scm-url=1007.19201.130907.0&pvid=28bb417f-c1f2-4090-89b1-5fb5fd8a5d84","{all:{pvid:28bb417f-c1f2-4090-89b1-5fb5fd8a5d84,scm-cnt:1007.19201.130907.0,gps-id:5547572},pvid:28bb417f-c1f2-4090-89b1-5fb5fd8a5d84,scm-cnt:1007.19201.130907.0,gps-id:5547572}",229890389,//ae01.alicdn.com/kf/Hb0877c1e34074e7cb491c31ae92566e9L.jpg_350x350.jpg,US $88.96,US $16.01,1626678000,50,1627282799,US $88.96,0.0,4.8,50
